4 0.5125 0.253125 0.12421875 0.23828125
4 0.6421875 0.2359375 0.1296875 0.22109375
5 0.6625 0.39453125 0.08828125 0.0921875
1 0.490625 0.45 0.08046875 0.16484375
5 0.42265625 0.48515625 0.05625 0.09921875
5 0.60546875 0.496875 0.059375 0.10859375
1 0.6703125 0.5203125 0.0734375 0.16875
4 0.6390625 0.7234375 0.13515625 0.2546875
3 0.50078125 0.803125 0.15546875 0.2265625
4 0.34375 0.771875 0.16015625 0.28359375
2 0.4390625 0.58828125 0.08671875 0.0984375
1 0.53125 0.65078125 0.09375 0.08671875
0 0.64296875 0.88359375 0.134375 0.07890625