5 0.21796875 0.1859375 0.08515625 0.21484375
4 0.30546875 0.50703125 0.2078125 0.4265625
0 0.23046875 0.84140625 0.065625 0.2453125
3 0.36875 0.8453125 0.209375 0.25
2 0.633213778125 0.7276670109375 0.6358459843750001 0.5645507015625 0.57867566875 0.5651482921875 0.5753322015625 0.6525383234375 0.4722990078125 0.6489570828125 0.47317192031250005 0.1526735296875 0.2613992765625 0.1507818765625 0.2598582125 0.30022669999999996 0.4117502015625 0.2989283390625 0.40748802343749996 0.7216911078125 0.633213778125 0.7276670109375
1 0.51875 0.4640625 0.0875 0.2046875
4 0.68984375 0.46171875 0.25 0.2
4 0.7265625 0.65625 0.1796875 0.19296875
4 0.6984375 0.86015625 0.23671875 0.2203125
1 0.5296875 0.85390625 0.10546875 0.22578125
1 0.525 0.6078125 0.1015625 0.084375