4 0.48046875 0.7984375 0.1046875 0.2421875
4 0.59609375 0.74296875 0.13125 0.3359375
3 0.54765625 0.4953125 0.13671875 0.17734375
0 0.63671875 0.49375 0.05 0.1828125
2 0.5283951171875 0.6843627984375 0.529461590625 0.585581815625 0.4804030859375 0.5872850390625 0.48146955937499997 0.229629575 0.43027810781250003 0.23133266875 0.43347752812499996 0.3454417640625 0.29759997656250003 0.345106384375 0.29909985625 0.42548844687500004 0.43347752812499996 0.42548844687500004 0.43027810781250003 0.6826596390625 0.5283951171875 0.6843627984375
1 0.40078125 0.47890625 0.06484375 0.11484375
1 0.4 0.2828125 0.06640625 0.1140625
1 0.33203125 0.1328125 0.071875 0.1796875
5 0.39921875 0.1375 0.06875 0.18046875
0 0.6375 0.1390625 0.046875 0.18828125
4 0.52421875 0.13984375 0.18125 0.18984375
4 0.57265625 0.3140625 0.18359375 0.1640625
5 0.33125 0.28359375 0.0703125 0.12734375