4 0.2578125 0.21484375 0.2453125 0.275
4 0.2828125 0.75546875 0.30078125 0.31015625
0 0.86796875 0.21328125 0.05859375 0.26796875
3 0.2578125 0.4765625 0.2453125 0.2546875
2 0.515597275 0.2347389234375 0.376953628125 0.233035828125 0.376953628125 0.602613021875 0.5646557796875 0.6094254640625001 0.5603898046875 0.6537066406250001 0.6362666421875 0.6557446828125 0.6329110499999999 0.49701952812499994 0.5145307203125 0.49531643125 0.515597275 0.2347389234375
1 0.571875 0.4203125 0.11875 0.159375
4 0.8376771796875 0.08486431875 0.635044159375 0.0831612578125 0.6339776046875001 0.239848271875 0.5135999765625 0.236595746875 0.5145307203125 0.3420355109375 0.6435759453125 0.34714492343750003 0.8355440703125 0.3437386703125 0.8376771796875 0.08486431875
1 0.565625 0.16484375 0.140625 0.15390625
1 0.4375 0.15859375 0.1140625 0.159375
5 0.678125 0.41796875 0.096875 0.16171875
5 0.678125 0.57890625 0.096875 0.1578125