4 0.69140625 0.28046875 0.15546875 0.43671875
4 0.384375 0.225 0.1671875 0.19765625
4 0.3828125 0.22578125 0.1703125 0.19921875
4 0.33203125 0.84140625 0.19453125 0.20078125
4 0.30546875 0.63203125 0.13359375 0.2203125
4 0.303125 0.41796875 0.13671875 0.209375
3 0.4804030859375 0.3931291296875 0.6169137859375 0.3948322890625 0.614780759375 0.15298914531250002 0.4655999765625 0.1493617046875 0.461206240625 0.3198949546875 0.48146955937499997 0.3198949546875 0.4804030859375 0.3931291296875
0 0.53828125 0.11328125 0.15 0.08984375
2 0.47933661406250005 0.3250043046875 0.36948815156250003 0.3267074640625 0.37055462499999997 0.389722940625 0.43987645000000003 0.391426034375 0.44094300468750003 0.48850392343750004 0.4686717171875 0.4936134015625 0.4665386890625 0.74056583125 0.5123977734375 0.745675115625 0.5081317984375 0.49701952812499994 0.5571903046875 0.49701952812499994 0.5582568593749999 0.602613021875 0.6215999765625 0.596170215625 0.614780759375 0.389722940625 0.4804030859375 0.38801978125000003 0.47933661406250005 0.3250043046875
1 0.41953125 0.5609375 0.09453125 0.15078125
1 0.40546875 0.43984375 0.06875 0.10390625
1 0.54609375 0.828125 0.07578125 0.1578125
5 0.47109375 0.86328125 0.0828125 0.09140625
5 0.6578125 0.5515625 0.08359375 0.10625
1 0.5328125 0.53515625 0.04921875 0.0734375
1 0.534375 0.69765625 0.05 0.1171875
5 0.41953125 0.728125 0.1 0.0421875