0 0.35390625 0.11015625 0.1078125 0.0828125
3 0.35625 0.290625 0.11875 0.2703125
4 0.48359375 0.23828125 0.14140625 0.33671875
4 0.6171875 0.2375 0.121875 0.334375
2 0.41796875 0.50078125 0.1015625 0.14765625
1 0.5125 0.52734375 0.08515625 0.09375
4 0.615625 0.79765625 0.12265625 0.27421875
4 0.484375 0.81171875 0.13515625 0.23359375
1 0.4546875 0.634375 0.07421875 0.11796875
1 0.63515625 0.57890625 0.07265625 0.16640625
5 0.6359375 0.45234375 0.07890625 0.0859375
2 0.56875 0.44921875 0.06015625 0.08203125