4 0.4390625 0.259375 0.21875 0.2296875
0 0.49375 0.103125 0.11796875 0.08203125
3 0.60625 0.2203125 0.1109375 0.3078125
1 0.36953125 0.4703125 0.08203125 0.140625
1 0.51640625 0.53046875 0.065625 0.13125
4 0.60625 0.74765625 0.1 0.23828125
1 0.62265625 0.57734375 0.0671875 0.096875
0 0.60625 0.90625 0.09765625 0.065625
4 0.38515625 0.73671875 0.11640625 0.39140625
4 0.50390625 0.76484375 0.09375 0.31796875
2 0.60390625 0.45234375 0.09609375 0.1390625
2 0.50078125 0.42109375 0.10234375 0.08359375
2 0.4453125 0.496875 0.06875 0.06171875
5 0.428125 0.42109375 0.03203125 0.06953125