3 0.59609375 0.82890625 0.24609375 0.21953125
4 0.59453125 0.6046875 0.25078125 0.2265625
5 0.43828125 0.86953125 0.07734375 0.1359375
2 0.43515625 0.74375 0.0703125 0.1203125
2 0.43828125 0.57578125 0.059375 0.2140625
4 0.33671875 0.18046875 0.12734375 0.2546875
4 0.4640625 0.18125 0.12265625 0.25078125
4 0.60625 0.23046875 0.15078125 0.2359375
0 0.70703125 0.28125 0.03828125 0.36484375
5 0.521875 0.4125 0.0984375 0.13125
1 0.31015625 0.39375 0.07421875 0.165625
1 0.3765625 0.42890625 0.05390625 0.0875
1 0.63046875 0.4125 0.09921875 0.1203125