0 0.57265625 0.83515625 0.20625 0.12109375
3 0.4140625 0.67734375 0.0921875 0.25703125
4 0.571875 0.65390625 0.20625 0.21484375
2 0.39609375 0.44609375 0.06484375 0.19296875
4 0.49921875 0.23515625 0.13671875 0.196875
4 0.6265625 0.2453125 0.0953125 0.21640625
1 0.64921875 0.47890625 0.046875 0.12421875
5 0.6 0.4765625 0.0484375 0.12890625
1 0.3875 0.18203125 0.08359375 0.09765625
5 0.38984375 0.2875 0.07421875 0.10546875
1 0.45390625 0.4046875 0.04609375 0.10546875
1 0.525 0.4046875 0.09453125 0.1125
2 0.50234375 0.5 0.13984375 0.07421875