0 0.18984375 0.76015625 0.0671875 0.25703125
1 0.63671875 0.6921875 0.12109375 0.2125
1 0.63671875 0.83984375 0.12265625 0.121875
1 0.7453125 0.60703125 0.09375 0.1171875
2 0.52109375 0.8125 0.10859375 0.15390625
3 0.346875 0.75234375 0.2390625 0.27734375
4 0.2640625 0.33828125 0.20703125 0.56171875
4 0.4421875 0.26796875 0.153125 0.40859375
4 0.61328125 0.26953125 0.1765625 0.4109375
4 0.7828125 0.26328125 0.16484375 0.39375
5 0.83203125 0.5640625 0.075 0.2078125
2 0.58046875 0.5140625 0.42109375 0.08203125
2 0.53125 0.64296875 0.09921875 0.17421875