0 0.4984375 0.11015625 0.10546875 0.06953125
3 0.6015625 0.22421875 0.090625 0.29140625
4 0.4375 0.2796875 0.209375 0.2140625
1 0.3671875 0.4734375 0.06875 0.1265625
2 0.44208581875 0.607705946875 0.47708968125 0.6061543578124999 0.47708968125 0.4644425015625 0.5464491859375 0.4639253046875 0.5454768578125 0.3878974125 0.44078937968750004 0.3863458234375 0.44046526874999997 0.4644425015625 0.40384085937499997 0.467028484375 0.4035167484375 0.5394360015624999 0.44240992968750004 0.5389188046875 0.44208581875 0.607705946875
1 0.51015625 0.53515625 0.06484375 0.13125
4 0.38515625 0.72734375 0.10546875 0.36875
4 0.4921875 0.759375 0.09921875 0.30078125
5 0.5846941484375 0.6102919296875 0.5461250765625 0.6108091250000001 0.5454768578125 0.6961465546875 0.6508125546875 0.697698146875 0.6508125546875 0.62684221875 0.5846941484375 0.62684221875 0.5846941484375 0.6102919296875
2 0.650164334375 0.5342640359375 0.6491920046875 0.3904833953125 0.5464491859375 0.38841460781250003 0.5464491859375 0.6061543578124999 0.5856664765625 0.6061543578124999 0.5856664765625 0.5321952484375 0.650164334375 0.5342640359375
5 0.4388447203125 0.46185651875 0.4388447203125 0.38893180625 0.4035167484375 0.38996619843749997 0.40384085937499997 0.46340810781249997 0.4388447203125 0.46185651875