4 0.18046875 0.54765625 0.15390625 0.3671875
3 0.34140625 0.60390625 0.14375 0.246875
2 0.30390625 0.30234375 0.20078125 0.1265625
2 0.45 0.42109375 0.3609375 0.078125
1 0.43828125 0.31171875 0.0625 0.12265625
1 0.52421875 0.31015625 0.09921875 0.134375
5 0.62890625 0.1703125 0.09921875 0.1390625
0 0.84609375 0.35546875 0.0421875 0.1828125
4 0.69609375 0.56953125 0.2359375 0.21015625
4 0.74375 0.359375 0.14921875 0.18046875
5 0.62734375 0.31640625 0.0890625 0.1140625
4 0.49453125 0.596875 0.1453125 0.25625