3 0.5984375 0.82578125 0.2359375 0.2234375
5 0.43984375 0.8703125 0.07265625 0.1234375
4 0.3359375 0.17421875 0.121875 0.25546875
4 0.4640625 0.17734375 0.125 0.253125
0 0.609375 0.0671875 0.15390625 0.06640625
4 0.60625 0.22578125 0.14765625 0.2296875
5 0.5265625 0.40859375 0.10546875 0.13125
1 0.309375 0.39375 0.07734375 0.16640625
1 0.37578125 0.425 0.05390625 0.0921875
2 0.4359375 0.49375 0.06015625 0.3609375
2 0.4375 0.74296875 0.06328125 0.12578125
1 0.6296875 0.4078125 0.0984375 0.11875
4 0.5921875 0.59921875 0.2453125 0.2171875