1 0.78828125 0.60078125 0.08046875 0.13203125
1 0.675 0.59765625 0.13359375 0.1296875
1 0.559375 0.5953125 0.09140625 0.12109375
4 0.53984375 0.28046875 0.121875 0.33046875
4 0.66484375 0.2828125 0.125 0.32265625
4 0.80625 0.3203125 0.15078125 0.41484375
3 0.2984375 0.70390625 0.2625 0.18984375
2 0.46640625 0.6203125 0.06875 0.1609375
2 0.5734375 0.490625 0.29453125 0.09375
4 0.47626664218750003 0.11106383125 0.31509719999999997 0.1121142546875 0.183918946875 0.6043162453125 0.42707860625 0.6060192109375 0.42814507968750004 0.4493321609375 0.4750706390625 0.4459259078125 0.47626664218750003 0.11106383125
0 0.66796875 0.08828125 0.26953125 0.0609375
0 0.41328125 0.08671875 0.2390625 0.05390625
0 0.25110782343750004 0.205785859375 0.1828524734375 0.46976955781249996 0.2122666421875 0.4919148953125 0.2873684859375 0.22792647812500003 0.25110782343750004 0.205785859375