4 0.746875 0.34375 0.384375 0.3328125
4 0.1875 0.34453125 0.2078125 0.328125
4 0.225 0.6625 0.296875 0.2734375
3 0.72109375 0.6609375 0.2875 0.2765625
1 0.490625 0.28984375 0.12265625 0.24453125
1 0.365625 0.3578125 0.13515625 0.1
1 0.40078125 0.71796875 0.059375 0.15234375
5 0.36484375 0.23515625 0.1359375 0.140625
2 0.50390625 0.7203125 0.140625 0.16171875
0 0.9046875 0.6765625 0.090625 0.26953125
2 0.29444444375 0.41489361718750006 0.295112846875 0.5177166453125001 0.43483072968750003 0.5156596296875 0.4348697921875 0.6334358390625 0.5490798609375 0.6359153359375 0.5497916671875 0.4137923875 0.29444444375 0.41489361718750006