4 0.521875 0.18203125 0.18828125 0.29375
4 0.3328125 0.26796875 0.18359375 0.3234375
4 0.7046875 0.32421875 0.1828125 0.23515625
4 0.3984375 0.5421875 0.30625 0.24140625
3 0.38203125 0.7953125 0.27734375 0.2828125
1 0.74296875 0.6859375 0.0953125 0.18046875
1 0.65 0.70234375 0.08828125 0.1453125
1 0.64921875 0.53515625 0.08828125 0.18515625
2 0.59375 0.853125 0.14296875 0.1390625
2 0.5734375 0.5546875 0.06328125 0.4484375
0 0.70234375 0.1453125 0.18046875 0.0859375
5 0.74609375 0.51953125 0.096875 0.1421875