4 0.36640625 0.24375 0.11640625 0.2421875
4 0.4953125 0.3203125 0.140625 0.39296875
3 0.63046875 0.309375 0.128125 0.22734375
0 0.63046875 0.1609375 0.1296875 0.0765625
0 0.6609375 0.4703125 0.07421875 0.09765625
2 0.62109375 0.5625 0.10703125 0.09140625
2 0.496875 0.55546875 0.1421875 0.0765625
1 0.52421875 0.6625 0.0890625 0.13515625
4 0.50078125 0.83203125 0.140625 0.20390625
4 0.36953125 0.78046875 0.12734375 0.3046875
1 0.3453125 0.5515625 0.08046875 0.1484375
5 0.3453125 0.41875 0.07890625 0.10703125