4 0.30078125 0.296875 0.1125 0.29375
1 0.29765625 0.5421875 0.10703125 0.1875
0 0.421875 0.18828125 0.1203125 0.0671875
3 0.42109375 0.334375 0.11875 0.2109375
4 0.559375 0.36953125 0.13828125 0.29375
4 0.6744006890625001 0.699062278125 0.6536207671875001 0.5024851 0.529919725 0.54610391875 0.556292228125 0.7317511015625 0.6744006890625001 0.699062278125
4 0.5860191765625 0.9192280125 0.6978432203125 0.890515334375 0.673827375 0.7141663453125 0.5611350890625 0.74538170625 0.558850096875 0.7420257359375 0.5860191765625 0.9192280125
5 0.50410124375 0.7142323187499999 0.4919872015625 0.627689628125 0.417020715625 0.6463168015625 0.4309787390625 0.7393999 0.50410124375 0.7142323187499999
1 0.518050996875 0.835363940625 0.5064413625 0.7242518484375 0.4261937609375 0.7454037 0.44508008906249996 0.859599059375 0.518050996875 0.835363940625
5 0.5297295390625 0.93774083125 0.5200879203125 0.8464126921874999 0.4403061375 0.8631573578125 0.45453427812499997 0.958910275 0.5297295390625 0.93774083125
2 0.41875 0.5390625 0.1265625 0.1796875