4 0.30546875 0.17578125 0.31484375 0.2625
1 0.23125 0.409375 0.171875 0.20546875
5 0.234375 0.56875 0.16875 0.090625
4 0.27109375 0.7890625 0.24609375 0.3328125
4 0.52421875 0.69296875 0.2421875 0.52109375
3 0.75859375 0.6171875 0.2171875 0.3765625
0 0.75703125 0.89765625 0.2078125 0.16015625
5 0.80859375 0.21328125 0.10390625 0.125
1 0.80859375 0.32421875 0.115625 0.0984375
2 0.7534765625000001 0.1276387953125 0.6495529515625 0.1342600296875 0.6463758687500001 0.3144184953125 0.322504340625 0.312292221875 0.3266666671875 0.6134751765625001 0.38175347187500003 0.6170143515625 0.38877170156249996 0.3979457546875 0.402855903125 0.3982089421875 0.403697915625 0.423010859375 0.755355903125 0.421985815625 0.7534765625000001 0.1276387953125
1 0.54609375 0.2234375 0.15625 0.16328125