4 0.48359375 0.17734375 0.11796875 0.2421875
4 0.6046875 0.209375 0.1140625 0.21015625
1 0.50703125 0.37734375 0.0765625 0.14453125
1 0.6672456984374999 0.4066280171875 0.5918722062499999 0.4022766015625 0.5928398125000001 0.5394069953125 0.6621203234374999 0.5406094828125 0.6640613984375 0.5640884078124999 0.6913156046875 0.5649633703125 0.6921981765624999 0.30505289375 0.6672456984374999 0.3059231765625 0.6672456984374999 0.4066280171875
5 0.6265625 0.3625 0.078125 0.0796875
1 0.590743334375 0.5497942453125 0.5914206578125001 0.6854835234375 0.691746628125 0.681787159375 0.6896912015625001 0.56686301875 0.6628445625 0.5665776046875 0.662607059375 0.544666125 0.590743334375 0.5497942453125
4 0.61875 0.80625 0.15078125 0.2515625
4 0.4734375 0.75 0.1375 0.3640625
3 0.34296875 0.725 0.12109375 0.27578125
0 0.34375 0.903125 0.11953125 0.0671875
2 0.45703125 0.5078125 0.26171875 0.11484375