0 0.20703125 0.115625 0.14921875 0.1203125
3 0.20546875 0.43046875 0.15625 0.4984375
4 0.40703125 0.28671875 0.240625 0.453125
2 0.34609375 0.7890625 0.1 0.24609375
1 0.503125 0.78359375 0.0953125 0.23671875
1 0.42578125 0.73828125 0.05546875 0.15546875
1 0.57109375 0.19609375 0.0953125 0.25546875
4 0.72890625 0.5359375 0.28515625 0.28046875
4 0.76953125 0.2390625 0.19453125 0.346875
5 0.64921875 0.196875 0.05546875 0.246875
2 0.2877777765625 0.519503546875 0.2901779515625 0.663113640625 0.58753038125 0.6639655359375001 0.58528211875 0.327792553125 0.527486978125 0.326185728125 0.5269791671874999 0.5147107703125 0.2877777765625 0.519503546875