2 0.3182967015625 0.5906911640625 0.6041158624999999 0.5906911640625 0.606248890625 0.069536240625 0.52732864375 0.069536240625 0.5283951171875 0.2177077171875 0.3975999765625 0.20893617187500002 0.397216865625 0.3420355109375 0.509198271875 0.3420355109375 0.5081317984375 0.48850392343750004 0.319363175 0.49191017812500004 0.3182967015625 0.5906911640625
1 0.465625 0.13828125 0.128125 0.15625
4 0.72265625 0.20234375 0.2390625 0.2796875
3 0.6953125 0.471875 0.17890625 0.25390625
0 0.81328125 0.4703125 0.0609375 0.2546875
4 0.6375 0.71640625 0.27890625 0.2625
4 0.41015625 0.7421875 0.1828125 0.30390625
4 0.2328125 0.696875 0.1796875 0.41015625
1 0.21484375 0.4125 0.14375 0.1515625
1 0.3453125 0.41640625 0.125 0.15078125
5 0.45859375 0.4171875 0.10546875 0.14921875