4 0.3796875 0.25859375 0.1625 0.3546875
3 0.5171875 0.26796875 0.1234375 0.2203125
0 0.51953125 0.1203125 0.11640625 0.07890625
2 0.403125 0.48203125 0.1140625 0.109375
2 0.5203125 0.4578125 0.115625 0.15703125
4 0.63515625 0.1859375 0.11640625 0.19921875
2 0.603125 0.48203125 0.04296875 0.38828125
1 0.65859375 0.44140625 0.0671875 0.12265625
5 0.6578125 0.328125 0.06328125 0.08828125
1 0.6609375 0.58984375 0.07109375 0.11796875
4 0.51796875 0.7484375 0.11875 0.3125
1 0.496875 0.5671875 0.084375 0.06484375
4 0.63515625 0.79296875 0.11171875 0.23671875