4 0.5625 0.2265625 0.1375 0.29921875
4 0.56328125 0.6953125 0.14375 0.2984375
0 0.5625 0.8828125 0.13984375 0.06015625
4 0.43359375 0.73046875 0.1203125 0.2859375
1 0.4078125 0.5296875 0.07421875 0.11796875
1 0.4078125 0.42265625 0.0765625 0.10390625
3 0.43125 0.26015625 0.12265625 0.221875
0 0.4328125 0.1140625 0.121875 0.07421875
2 0.56171875 0.4890625 0.1390625 0.10078125
5 0.5953125 0.40703125 0.06953125 0.0625
2 0.55932333125 0.3778010828125 0.445208896875 0.37439482812499997 0.445208896875 0.6247535765625 0.49000150937500003 0.6247535765625 0.49000150937500003 0.4357071453125 0.561456278125 0.4357071453125 0.55932333125 0.3778010828125