1 0.32109375 0.24921875 0.07734375 0.1765625
1 0.3203125 0.55625 0.08046875 0.14921875
2 0.39609375 0.2671875 0.07578125 0.1515625
2 0.3953125 0.48984375 0.0703125 0.2859375
3 0.5140625 0.446875 0.16640625 0.2
4 0.3546875 0.77890625 0.15 0.29453125
4 0.50859375 0.84296875 0.16328125 0.18515625
4 0.5671875 0.64453125 0.1796875 0.2109375
4 0.54609375 0.1921875 0.21875 0.303125
5 0.31484375 0.409375 0.09296875 0.1375
4 0.66171875 0.44375 0.12421875 0.1921875
5 0.62890625 0.8375 0.06015625 0.16015625