0 0.49921875 0.13515625 0.109375 0.0796875
1 0.47734375 0.40546875 0.0640625 0.10859375
1 0.646875 0.50234375 0.07734375 0.12734375
1 0.6453125 0.6265625 0.08046875 0.12109375
0 0.50078125 0.88125 0.103125 0.08125
2 0.35078125 0.48515625 0.06640625 0.14921875
2 0.41328125 0.48359375 0.059375 0.1515625
2 0.525 0.515625 0.165625 0.0984375
3 0.5015625 0.70234375 0.103125 0.2828125
4 0.61953125 0.79921875 0.13203125 0.22578125
4 0.3828125 0.73984375 0.12421875 0.35546875
4 0.5 0.265625 0.10703125 0.175
4 0.621875 0.2703125 0.1359375 0.33984375