0 0.65234375 0.81171875 0.19921875 0.12265625
1 0.321875 0.44140625 0.059375 0.0953125
1 0.52421875 0.39609375 0.05625 0.1359375
1 0.72421875 0.4625 0.0515625 0.12265625
2 0.484375 0.5296875 0.1234375 0.1265625
2 0.45625 0.3546875 0.08515625 0.0609375
2 0.60078125 0.49140625 0.08984375 0.0609375
1 0.584375 0.4265625 0.05390625 0.0671875
3 0.48671875 0.70390625 0.1296875 0.22109375
4 0.6515625 0.63828125 0.2015625 0.22109375
4 0.303125 0.26640625 0.10703125 0.271875
4 0.49296875 0.228125 0.11796875 0.196875
4 0.603125 0.22578125 0.09453125 0.20703125
4 0.70234375 0.26171875 0.09765625 0.2703125
5 0.58203125 0.3609375 0.05625 0.0609375
5 0.67421875 0.45859375 0.04921875 0.13046875
5 0.38125 0.4421875 0.059375 0.09609375
5 0.43359375 0.43984375 0.0515625 0.09921875
5 0.3953125 0.27265625 0.08125 0.10546875
1 0.3953125 0.1734375 0.07890625 0.09140625