0 0.30390625 0.2296875 0.0484375 0.14609375
0 0.4975999765625 0.0493617046875 0.42814507968750004 0.1615047484375 0.5667887265625 0.159801684375 0.4975999765625 0.0493617046875
6 0.58203125 0.80078125 0.25703125 0.24609375
1 0.36796875 0.52265625 0.07578125 0.12578125
1 0.36796875 0.68515625 0.0796875 0.1203125
4 0.39140625 0.8625 0.12421875 0.240625
1 0.48515625 0.6390625 0.06640625 0.0734375
2 0.6140625 0.64140625 0.19453125 0.06484375
2 0.4890625 0.54140625 0.16640625 0.11171875
4 0.51328125 0.32578125 0.1171875 0.31484375
4 0.390625 0.31171875 0.128125 0.2875
0 0.51484375 0.95 0.1140625 0.06171875