5 0.3703125 0.47265625 0.0890625 0.15390625
1 0.51171875 0.47734375 0.121875 0.1578125
2 0.51328125 0.346875 0.11640625 0.08515625
1 0.51484375 0.26328125 0.115625 0.08671875
2 0.43125 0.4875 0.03671875 0.54375
4 0.36640625 0.7484375 0.08984375 0.22734375
5 0.3671875 0.5921875 0.090625 0.07265625
5 0.3671875 0.346875 0.0859375 0.0796875
4 0.49140625 0.14375 0.15234375 0.14140625
4 0.36796875 0.2078125 0.08515625 0.19453125
6 0.575 0.76015625 0.16171875 0.39609375
4 0.45625 0.85234375 0.06953125 0.1765625