4 0.55 0.171875 0.1265625 0.27890625
1 0.51953125 0.3921875 0.07890625 0.1484375
1 0.28984375 0.66015625 0.09609375 0.1015625
1 0.70390625 0.53359375 0.08359375 0.1421875
6 0.4846690609375 0.56344119375 0.485735534375 0.6911752421874999 0.334933309375 0.71106383125 0.33642699062500003 0.8938466890625 0.48893503593750004 0.885331084375 0.48893503593750004 0.9738933062499999 0.6115813390625 0.9755964015625 0.6169137859375 0.56344119375 0.4846690609375 0.56344119375
0 0.41328125 0.93515625 0.1515625 0.0921875
2 0.4140625 0.515625 0.15234375 0.0984375
5 0.4484375 0.62109375 0.07734375 0.115625
2 0.5765625 0.51796875 0.1609375 0.1078125
4 0.68359375 0.75 0.12421875 0.275
4 0.68359375 0.284375 0.134375 0.34296875