4 0.2921875 0.28671875 0.118359375 0.259375
1 0.27265625 0.48671875 0.071484375 0.106640625
0 0.39609375 0.18671875 0.105859375 0.058984375
3 0.3921875 0.3203125 0.111328125 0.215625
4 0.5734375 0.26875 0.261328125 0.226171875
4 0.6390625 0.475 0.1359375 0.19296875
4 0.60703125 0.69296875 0.1890625 0.249609375
1 0.478125 0.62734375 0.06953125 0.115234375
5 0.47890625 0.76328125 0.0796875 0.1140625
2 0.40078125 0.48984375 0.17265625 0.082421875
2 0.39609375 0.5796875 0.09375 0.069921875
1 0.5328125 0.4328125 0.0875 0.1046875