4 0.2921875 0.28671875 0.09921875 0.253125
1 0.27265625 0.48671875 0.06328125 0.10234375
0 0.39609375 0.18671875 0.10234375 0.04765625
3 0.3921875 0.3203125 0.09765625 0.2109375
4 0.5734375 0.26875 0.24921875 0.21171875
4 0.6390625 0.475 0.1171875 0.1828125
4 0.60703125 0.69296875 0.1828125 0.24609375
1 0.478125 0.62734375 0.0671875 0.11484375
5 0.47890625 0.76328125 0.0671875 0.1078125
2 0.40078125 0.48984375 0.171875 0.08046875
2 0.39609375 0.5796875 0.090625 0.06484375
1 0.5328125 0.4328125 0.08125 0.1