4 0.2921875 0.28671875 0.122265625 0.26015625
1 0.27265625 0.48671875 0.074609375 0.107421875
0 0.39609375 0.18671875 0.103515625 0.052734375
3 0.3921875 0.3203125 0.114453125 0.21640625
4 0.5734375 0.26875 0.271484375 0.238671875
4 0.6390625 0.475 0.1203125 0.184375
4 0.60703125 0.69296875 0.19296875 0.252734375
1 0.478125 0.62734375 0.07890625 0.119921875
5 0.47890625 0.76328125 0.06953125 0.109375
2 0.40078125 0.48984375 0.17421875 0.085546875
2 0.39609375 0.5796875 0.0921875 0.067578125
1 0.5328125 0.4328125 0.0828125 0.10078125