4 0.51171875 0.190625 0.162890625 0.222265625
0 0.63671875 0.1078125 0.098828125 0.071875
3 0.6359375 0.22578125 0.11484375 0.172265625
5 0.384375 0.5609375 0.11796875 0.3234375
5 0.384375 0.24296875 0.1234375 0.32890625
1 0.4578125 0.409375 0.07265625 0.237109375
5 0.51171875 0.3890625 0.075 0.190625
4 0.58671875 0.86875 0.10390625 0.179296875
4 0.48515625 0.8703125 0.12421875 0.173046875
4 0.4859375 0.6546875 0.130859375 0.2609375
1 0.60390625 0.6609375 0.06171875 0.13671875
1 0.653125 0.365625 0.06796875 0.115625
1 0.6015625 0.5609375 0.06953125 0.060546875
2 0.5890625 0.4765625 0.085546875 0.116015625
2 0.5640625 0.35703125 0.05234375 0.122265625