4 0.51171875 0.190625 0.169921875 0.226171875
0 0.63671875 0.1078125 0.099609375 0.07265625
3 0.6359375 0.22578125 0.10234375 0.166796875
5 0.384375 0.5609375 0.11796875 0.3234375
5 0.384375 0.24296875 0.10703125 0.32578125
1 0.4578125 0.409375 0.0765625 0.237109375
5 0.51171875 0.3890625 0.06875 0.18984375
4 0.58671875 0.86875 0.109375 0.181640625
4 0.48515625 0.8703125 0.12421875 0.173046875
4 0.4859375 0.6546875 0.134765625 0.26171875
1 0.60390625 0.6609375 0.071875 0.13984375
1 0.653125 0.365625 0.06484375 0.1140625
1 0.6015625 0.5609375 0.0671875 0.056640625
2 0.5890625 0.4765625 0.093359375 0.121484375
2 0.5640625 0.35703125 0.05703125 0.123828125