0 0.35390625 0.11015625 0.115625 0.09375
3 0.35625 0.290625 0.1453125 0.27890625
4 0.48359375 0.23828125 0.164453125 0.344140625
4 0.6171875 0.2375 0.14140625 0.33984375
2 0.41796875 0.50078125 0.1109375 0.154296875
1 0.5125 0.52734375 0.086328125 0.09453125
4 0.615625 0.79765625 0.140234375 0.280859375
4 0.484375 0.81171875 0.148046875 0.240234375
1 0.4546875 0.634375 0.083203125 0.123046875
1 0.63515625 0.57890625 0.091796875 0.173046875
5 0.6359375 0.45234375 0.081640625 0.0890625
2 0.56875 0.44921875 0.066796875 0.087109375