0 0.35390625 0.11015625 0.1140625 0.0921875
3 0.35625 0.290625 0.13203125 0.275
4 0.48359375 0.23828125 0.161328125 0.343359375
4 0.6171875 0.2375 0.14921875 0.3421875
2 0.41796875 0.50078125 0.1015625 0.148046875
1 0.5125 0.52734375 0.094140625 0.1015625
4 0.615625 0.79765625 0.122265625 0.273828125
4 0.484375 0.81171875 0.155078125 0.243359375
1 0.4546875 0.634375 0.085546875 0.124609375
1 0.63515625 0.57890625 0.082421875 0.169921875
5 0.6359375 0.45234375 0.079296875 0.08671875
2 0.56875 0.44921875 0.067578125 0.087890625