4 0.1828125 0.3359375 0.2125 0.401171875
4 0.47578125 0.2890625 0.1984375 0.27734375
1 0.321875 0.2875 0.127734375 0.284375
4 0.74609375 0.34921875 0.3765625 0.394921875
4 0.21015625 0.7 0.272265625 0.346875
5 0.38515625 0.59453125 0.149609375 0.1578125
1 0.3890625 0.76484375 0.13828125 0.20703125
2 0.5578125 0.62578125 0.198828125 0.192578125
1 0.60703125 0.790625 0.108984375 0.15234375
2 0.503125 0.7921875 0.103515625 0.158203125
0 0.878125 0.70859375 0.094140625 0.329296875
3 0.74453125 0.6953125 0.2046875 0.34375
2 0.41796875 0.4796875 0.301171875 0.10859375