4 0.1828125 0.3359375 0.19765625 0.397265625
4 0.47578125 0.2890625 0.21875 0.290625
1 0.321875 0.2875 0.108984375 0.27890625
4 0.74609375 0.34921875 0.35234375 0.372265625
4 0.21015625 0.7 0.255078125 0.33515625
5 0.38515625 0.59453125 0.139453125 0.14765625
1 0.3890625 0.76484375 0.1296875 0.20234375
2 0.5578125 0.62578125 0.193359375 0.187109375
1 0.60703125 0.790625 0.095703125 0.14453125
2 0.503125 0.7921875 0.108203125 0.160546875
0 0.878125 0.70859375 0.115234375 0.330078125
3 0.74453125 0.6953125 0.22109375 0.3515625
2 0.41796875 0.4796875 0.301953125 0.1109375