4 0.1828125 0.3359375 0.16875 0.38671875
4 0.47578125 0.2890625 0.1984375 0.2765625
1 0.321875 0.2875 0.10703125 0.278125
4 0.74609375 0.34921875 0.340625 0.36171875
4 0.21015625 0.7 0.23984375 0.3234375
5 0.38515625 0.59453125 0.13828125 0.146875
1 0.3890625 0.76484375 0.128125 0.2015625
2 0.5578125 0.62578125 0.18359375 0.17734375
1 0.60703125 0.790625 0.09609375 0.1453125
2 0.503125 0.7921875 0.09296875 0.15234375
0 0.878125 0.70859375 0.07421875 0.32578125
3 0.74453125 0.6953125 0.19375 0.3375
2 0.41796875 0.4796875 0.29765625 0.0953125