4 0.5125 0.253125 0.128515625 0.239453125
4 0.6421875 0.2359375 0.134375 0.224609375
5 0.6625 0.39453125 0.095703125 0.09921875
1 0.490625 0.45 0.092578125 0.169921875
5 0.42265625 0.48515625 0.05859375 0.099609375
5 0.60546875 0.496875 0.06796875 0.112890625
1 0.6703125 0.5203125 0.09296875 0.175
4 0.6390625 0.7234375 0.147265625 0.26015625
3 0.50078125 0.803125 0.162109375 0.23046875
4 0.34375 0.771875 0.166796875 0.287890625
2 0.4390625 0.58828125 0.096484375 0.10625
1 0.53125 0.65078125 0.09921875 0.091796875
0 0.64296875 0.88359375 0.140625 0.091015625