4 0.5125 0.253125 0.144140625 0.246484375
4 0.6421875 0.2359375 0.13984375 0.226953125
5 0.6625 0.39453125 0.096484375 0.10078125
1 0.490625 0.45 0.092578125 0.169921875
5 0.42265625 0.48515625 0.06171875 0.101171875
5 0.60546875 0.496875 0.065625 0.112109375
1 0.6703125 0.5203125 0.08671875 0.1734375
4 0.6390625 0.7234375 0.157421875 0.2640625
3 0.50078125 0.803125 0.158203125 0.228125
4 0.34375 0.771875 0.187109375 0.297265625
2 0.4390625 0.58828125 0.087109375 0.0984375
1 0.53125 0.65078125 0.1015625 0.094921875
0 0.64296875 0.88359375 0.1390625 0.088671875