4 0.4390625 0.259375 0.2203125 0.23203125
0 0.49375 0.103125 0.125390625 0.093359375
3 0.60625 0.2203125 0.1296875 0.3140625
1 0.36953125 0.4703125 0.095703125 0.14765625
1 0.51640625 0.53046875 0.07109375 0.13359375
4 0.60625 0.74765625 0.115625 0.244140625
1 0.62265625 0.57734375 0.07578125 0.10234375
0 0.60625 0.90625 0.100390625 0.0703125
4 0.38515625 0.73671875 0.162109375 0.399609375
4 0.50390625 0.76484375 0.109375 0.321484375
2 0.60390625 0.45234375 0.098046875 0.140625
2 0.50078125 0.42109375 0.101953125 0.083984375
2 0.4453125 0.496875 0.07265625 0.066796875
5 0.428125 0.42109375 0.036328125 0.071484375