4 0.4390625 0.259375 0.23828125 0.2484375
0 0.49375 0.103125 0.123828125 0.091015625
3 0.60625 0.2203125 0.11953125 0.3109375
1 0.36953125 0.4703125 0.093359375 0.14609375
1 0.51640625 0.53046875 0.07421875 0.13515625
4 0.60625 0.74765625 0.1015625 0.239453125
1 0.62265625 0.57734375 0.0734375 0.10078125
0 0.60625 0.90625 0.097265625 0.065625
4 0.38515625 0.73671875 0.162109375 0.399609375
4 0.50390625 0.76484375 0.109375 0.321484375
2 0.60390625 0.45234375 0.098046875 0.140625
2 0.50078125 0.42109375 0.108984375 0.092578125
2 0.4453125 0.496875 0.075 0.069140625
5 0.428125 0.42109375 0.036328125 0.071484375