4 0.7265625 0.28984375 0.24453125 0.28515625
4 0.2140625 0.28828125 0.20078125 0.2671875
5 0.35546875 0.2296875 0.0765625 0.18125
1 0.43046875 0.23203125 0.0703125 0.17890625
1 0.53515625 0.23203125 0.1375 0.175
1 0.4390625 0.6171875 0.096875 0.1375
4 0.21484375 0.56171875 0.20859375 0.2484375
5 0.3546875 0.6203125 0.065625 0.14375
2 0.52265625 0.8421875 0.075 0.25703125
2 0.4765625 0.43671875 0.1578125 0.21640625
0 0.803125 0.84609375 0.07890625 0.25234375
3 0.66171875 0.8515625 0.18984375 0.24609375
4 0.7046875 0.575 0.2796875 0.271875