4 0.7265625 0.28984375 0.258203125 0.297265625
4 0.2140625 0.28828125 0.208984375 0.2734375
5 0.35546875 0.2296875 0.08828125 0.18515625
1 0.43046875 0.23203125 0.07421875 0.180859375
1 0.53515625 0.23203125 0.14609375 0.18125
1 0.4390625 0.6171875 0.10703125 0.14375
4 0.21484375 0.56171875 0.222265625 0.26015625
5 0.3546875 0.6203125 0.07578125 0.14765625
2 0.52265625 0.8421875 0.0875 0.259765625
2 0.4765625 0.43671875 0.18359375 0.233203125
0 0.803125 0.84609375 0.091015625 0.255078125
3 0.66171875 0.8515625 0.201171875 0.255078125
4 0.7046875 0.575 0.3 0.29375