4 0.7265625 0.28984375 0.264453125 0.302734375
4 0.2140625 0.28828125 0.215234375 0.278125
5 0.35546875 0.2296875 0.0953125 0.1875
1 0.43046875 0.23203125 0.08359375 0.183203125
1 0.53515625 0.23203125 0.13984375 0.17734375
1 0.4390625 0.6171875 0.09921875 0.1390625
4 0.21484375 0.56171875 0.223828125 0.2609375
5 0.3546875 0.6203125 0.07578125 0.14765625
2 0.52265625 0.8421875 0.07890625 0.257421875
2 0.4765625 0.43671875 0.165625 0.221484375
0 0.803125 0.84609375 0.093359375 0.255078125
3 0.66171875 0.8515625 0.207421875 0.258984375
4 0.7046875 0.575 0.2875 0.28046875