4 0.3578125 0.21484375 0.1390625 0.238671875
4 0.475 0.2171875 0.130859375 0.235546875
5 0.5625 0.21328125 0.073046875 0.23203125
4 0.65390625 0.21875 0.1296875 0.246875
5 0.32890625 0.36953125 0.090234375 0.0828125
2 0.3328125 0.46640625 0.0921875 0.09296875
2 0.46328125 0.42734375 0.10078125 0.189453125
1 0.5484375 0.38984375 0.0921875 0.123828125
1 0.66953125 0.39375 0.096484375 0.11015625
1 0.66953125 0.5171875 0.09140625 0.12890625
1 0.546875 0.55625 0.0796875 0.069140625
4 0.65078125 0.80234375 0.14140625 0.239453125
3 0.521875 0.73359375 0.1359375 0.26015625
0 0.525 0.88671875 0.12421875 0.06328125
4 0.38125 0.725 0.205078125 0.409765625
2 0.56484375 0.48515625 0.11875 0.069140625
5 0.67109375 0.63515625 0.094921875 0.10234375