4 0.3578125 0.21484375 0.1296875 0.235546875
4 0.475 0.2171875 0.137890625 0.237890625
5 0.5625 0.21328125 0.083984375 0.2328125
4 0.65390625 0.21875 0.14140625 0.25234375
5 0.32890625 0.36953125 0.093359375 0.08671875
2 0.3328125 0.46640625 0.09140625 0.09296875
2 0.46328125 0.42734375 0.09453125 0.187109375
1 0.5484375 0.38984375 0.0859375 0.119921875
1 0.66953125 0.39375 0.095703125 0.109375
1 0.66953125 0.5171875 0.09765625 0.13359375
1 0.546875 0.55625 0.07890625 0.067578125
4 0.65078125 0.80234375 0.1453125 0.241796875
3 0.521875 0.73359375 0.13828125 0.26015625
0 0.525 0.88671875 0.1265625 0.0671875
4 0.38125 0.725 0.201953125 0.408984375
2 0.56484375 0.48515625 0.12109375 0.074609375
5 0.67109375 0.63515625 0.098046875 0.10546875