4 0.3578125 0.21484375 0.11875 0.23046875
4 0.475 0.2171875 0.11171875 0.22734375
5 0.5625 0.21328125 0.05546875 0.2296875
4 0.65390625 0.21875 0.1234375 0.2453125
5 0.32890625 0.36953125 0.08671875 0.078125
2 0.3328125 0.46640625 0.090625 0.0921875
2 0.46328125 0.42734375 0.084375 0.18359375
1 0.5484375 0.38984375 0.08125 0.11640625
1 0.66953125 0.39375 0.09140625 0.10625
1 0.66953125 0.5171875 0.090625 0.1296875
1 0.546875 0.55625 0.0734375 0.06171875
4 0.65078125 0.80234375 0.1359375 0.23671875
3 0.521875 0.73359375 0.1203125 0.253125
0 0.525 0.88671875 0.1234375 0.0625
4 0.38125 0.725 0.16015625 0.39609375
2 0.56484375 0.48515625 0.1171875 0.06640625
5 0.67109375 0.63515625 0.08828125 0.096875