3 0.59609375 0.82890625 0.266796875 0.244140625
4 0.59453125 0.6046875 0.262109375 0.23984375
5 0.43828125 0.86953125 0.082421875 0.13828125
2 0.43515625 0.74375 0.07421875 0.12109375
2 0.43828125 0.57578125 0.07734375 0.2171875
4 0.33671875 0.18046875 0.137109375 0.259375
4 0.4640625 0.18125 0.122265625 0.250390625
4 0.60625 0.23046875 0.162109375 0.24296875
0 0.70703125 0.28125 0.060546875 0.366015625
5 0.521875 0.4125 0.10859375 0.1375
1 0.31015625 0.39375 0.088671875 0.17109375
1 0.3765625 0.42890625 0.058984375 0.090625
1 0.63046875 0.4125 0.104296875 0.12421875