3 0.59609375 0.82890625 0.255859375 0.231640625
4 0.59453125 0.6046875 0.265234375 0.24296875
5 0.43828125 0.86953125 0.084765625 0.13984375
2 0.43515625 0.74375 0.07265625 0.12109375
2 0.43828125 0.57578125 0.075 0.2171875
4 0.33671875 0.18046875 0.145703125 0.2625
4 0.4640625 0.18125 0.134765625 0.255859375
4 0.60625 0.23046875 0.174609375 0.24921875
0 0.70703125 0.28125 0.081640625 0.364453125
5 0.521875 0.4125 0.10078125 0.1328125
1 0.31015625 0.39375 0.080859375 0.16796875
1 0.3765625 0.42890625 0.055859375 0.0890625
1 0.63046875 0.4125 0.099609375 0.1203125