4 0.384375 0.16875 0.19375 0.209375
4 0.38359375 0.37421875 0.198828125 0.1953125
0 0.31328125 0.58203125 0.063671875 0.221484375
3 0.41171875 0.58671875 0.16171875 0.237890625
4 0.41015625 0.82890625 0.2640625 0.266015625
2 0.509375 0.44453125 0.0703125 0.499609375
4 0.66015625 0.1640625 0.160546875 0.201171875
1 0.53046875 0.12421875 0.103515625 0.12421875
1 0.5890625 0.3265625 0.11171875 0.12265625
5 0.69140625 0.3234375 0.09453125 0.121875
5 0.69375 0.43046875 0.096484375 0.08359375
2 0.60390625 0.54921875 0.14765625 0.133984375
1 0.58125 0.4359375 0.095703125 0.103125