4 0.384375 0.16875 0.20703125 0.22109375
4 0.38359375 0.37421875 0.204296875 0.20078125
0 0.31328125 0.58203125 0.063671875 0.221484375
3 0.41171875 0.58671875 0.1515625 0.232421875
4 0.41015625 0.82890625 0.275 0.276953125
2 0.509375 0.44453125 0.0875 0.499609375
4 0.66015625 0.1640625 0.165234375 0.205078125
1 0.53046875 0.12421875 0.102734375 0.1234375
1 0.5890625 0.3265625 0.103125 0.115625
5 0.69140625 0.3234375 0.09609375 0.1234375
5 0.69375 0.43046875 0.100390625 0.0890625
2 0.60390625 0.54921875 0.153125 0.141015625
1 0.58125 0.4359375 0.094921875 0.1015625