4 0.6046875 0.16953125 0.126171875 0.239453125
4 0.48828125 0.13515625 0.1078125 0.173828125
1 0.4609375 0.27734375 0.0546875 0.1
1 0.46171875 0.278125 0.053125 0.100390625
4 0.61640625 0.41796875 0.116015625 0.2578125
2 0.4171875 0.57109375 0.1265625 0.169921875
0 0.3609375 0.9078125 0.09921875 0.0703125
4 0.60234375 0.8421875 0.124609375 0.181640625
4 0.603125 0.646875 0.123828125 0.19609375
3 0.3609375 0.7640625 0.11484375 0.22890625
1 0.3375 0.6109375 0.046484375 0.08359375
4 0.475 0.79375 0.13671875 0.27890625
1 0.50703125 0.59765625 0.06484375 0.102734375
1 0.5421875 0.43515625 0.055859375 0.104296875
5 0.4625 0.40625 0.064453125 0.155859375
2 0.52109375 0.51484375 0.090234375 0.05625
5 0.54140625 0.33984375 0.05703125 0.08515625