4 0.6046875 0.16953125 0.11796875 0.23671875
4 0.48828125 0.13515625 0.1078125 0.17421875
1 0.4609375 0.27734375 0.0453125 0.096875
1 0.46171875 0.278125 0.0515625 0.09921875
4 0.61640625 0.41796875 0.09453125 0.2515625
2 0.4171875 0.57109375 0.1125 0.16171875
0 0.3609375 0.9078125 0.09375 0.0609375
4 0.60234375 0.8421875 0.12265625 0.18046875
4 0.603125 0.646875 0.11953125 0.19375
3 0.3609375 0.7640625 0.096875 0.2234375
1 0.3375 0.6109375 0.04609375 0.0828125
4 0.475 0.79375 0.125 0.2734375
1 0.50703125 0.59765625 0.0625 0.10078125
1 0.5421875 0.43515625 0.05078125 0.10234375
5 0.4625 0.40625 0.04921875 0.15234375
2 0.52109375 0.51484375 0.08828125 0.053125
5 0.54140625 0.33984375 0.0484375 0.08125