4 0.6046875 0.16953125 0.139453125 0.244921875
4 0.48828125 0.13515625 0.11796875 0.179296875
1 0.4609375 0.27734375 0.05625 0.10078125
1 0.46171875 0.278125 0.06171875 0.103515625
4 0.61640625 0.41796875 0.113671875 0.25703125
2 0.4171875 0.57109375 0.11484375 0.162890625
0 0.3609375 0.9078125 0.09609375 0.06484375
4 0.60234375 0.8421875 0.141796875 0.191796875
4 0.603125 0.646875 0.131640625 0.20078125
3 0.3609375 0.7640625 0.11171875 0.228125
1 0.3375 0.6109375 0.051953125 0.0859375
4 0.475 0.79375 0.134375 0.278125
1 0.50703125 0.59765625 0.0640625 0.101953125
1 0.5421875 0.43515625 0.054296875 0.103515625
5 0.4625 0.40625 0.050390625 0.152734375
2 0.52109375 0.51484375 0.089453125 0.05390625
5 0.54140625 0.33984375 0.0484375 0.08125