0 0.57265625 0.83515625 0.21796875 0.144921875
3 0.4140625 0.67734375 0.10625 0.261328125
4 0.571875 0.65390625 0.21640625 0.224609375
2 0.39609375 0.44609375 0.086328125 0.197265625
4 0.49921875 0.23515625 0.144140625 0.20234375
4 0.6265625 0.2453125 0.1140625 0.222265625
1 0.64921875 0.47890625 0.05703125 0.126953125
5 0.6 0.4765625 0.06328125 0.132421875
1 0.3875 0.18203125 0.087890625 0.101171875
5 0.38984375 0.2875 0.080859375 0.109765625
1 0.45390625 0.4046875 0.052734375 0.108203125
1 0.525 0.4046875 0.096484375 0.11484375
2 0.50234375 0.5 0.144921875 0.087109375