0 0.57265625 0.83515625 0.21015625 0.127734375
3 0.4140625 0.67734375 0.1125 0.262890625
4 0.571875 0.65390625 0.21484375 0.222265625
2 0.39609375 0.44609375 0.076953125 0.195703125
4 0.49921875 0.23515625 0.153515625 0.2078125
4 0.6265625 0.2453125 0.103125 0.218359375
1 0.64921875 0.47890625 0.05078125 0.124609375
5 0.6 0.4765625 0.05625 0.130859375
1 0.3875 0.18203125 0.085546875 0.098828125
5 0.38984375 0.2875 0.076171875 0.107421875
1 0.45390625 0.4046875 0.046484375 0.105859375
1 0.525 0.4046875 0.101953125 0.11875
2 0.50234375 0.5 0.143359375 0.082421875