0 0.18984375 0.76015625 0.08203125 0.260546875
1 0.63671875 0.6921875 0.129296875 0.2171875
1 0.63671875 0.83984375 0.129296875 0.12890625
1 0.7453125 0.60703125 0.10546875 0.12578125
2 0.52109375 0.8125 0.121484375 0.162109375
3 0.346875 0.75234375 0.23828125 0.276953125
4 0.2640625 0.33828125 0.239453125 0.571484375
4 0.4421875 0.26796875 0.196875 0.419921875
4 0.61328125 0.26953125 0.18359375 0.41328125
4 0.7828125 0.26328125 0.175390625 0.39765625
5 0.83203125 0.5640625 0.0796875 0.21015625
2 0.58046875 0.5140625 0.423828125 0.127734375
2 0.53125 0.64296875 0.112109375 0.180078125