0 0.18984375 0.76015625 0.0671875 0.257421875
1 0.63671875 0.6921875 0.127734375 0.21640625
1 0.63671875 0.83984375 0.128515625 0.12734375
1 0.7453125 0.60703125 0.10546875 0.12578125
2 0.52109375 0.8125 0.116796875 0.158984375
3 0.346875 0.75234375 0.26953125 0.302734375
4 0.2640625 0.33828125 0.248828125 0.573828125
4 0.4421875 0.26796875 0.18046875 0.416796875
4 0.61328125 0.26953125 0.20703125 0.421875
4 0.7828125 0.26328125 0.209765625 0.4078125
5 0.83203125 0.5640625 0.0953125 0.2140625
2 0.58046875 0.5140625 0.422265625 0.092578125
2 0.53125 0.64296875 0.119921875 0.183203125