0 0.4984375 0.11015625 0.108203125 0.073828125
3 0.6015625 0.22421875 0.11953125 0.297265625
4 0.4375 0.2796875 0.22890625 0.23359375
1 0.3671875 0.4734375 0.08203125 0.1328125
2 0.4446581796875 0.460626409375 0.40799161093749997 0.45872972343749996 0.398845659375 0.5305580265625001 0.43751196718749996 0.5347845718750001 0.428807228125 0.6030194859375 0.46373926875000004 0.605745359375 0.4810096 0.46508980156249996 0.5499151390625 0.4730292578125 0.5578125 0.40111936562499995 0.5578125 0.397394009375 0.454497465625 0.38315135 0.4446581796875 0.460626409375
1 0.51015625 0.53515625 0.076953125 0.1359375
4 0.38515625 0.72734375 0.114453125 0.37109375
4 0.4921875 0.759375 0.129296875 0.307421875
5 0.6497611453125 0.6979132046875 0.65 0.6842292265625 0.65 0.627050653125 0.584889415625 0.62591414375 0.5851781078125 0.609375 0.5466019078125 0.609375 0.5444685703125 0.6945234874999999 0.6497611453125 0.6979132046875
2 0.5929958765625 0.533723965625 0.656514425 0.5223376875 0.6256696671875 0.3819011578125 0.525 0.401189559375 0.525 0.40245326875 0.5696468109375 0.6125 0.5781074453125 0.6125 0.6083728390625 0.6060668921875 0.5929958765625 0.533723965625
5 0.40171251874999997 0.39054371875 0.4058798390625 0.463868015625 0.440625 0.46049914999999997 0.440625 0.4580151375 0.4369379390625 0.3876618203125 0.40171251874999997 0.39054371875