0 0.4984375 0.11015625 0.111328125 0.079296875
3 0.6015625 0.22421875 0.0953125 0.292578125
4 0.4375 0.2796875 0.21953125 0.225
1 0.3671875 0.4734375 0.07578125 0.13046875
2 0.5296072 0.3793003765625 0.42572259375000004 0.39233356875 0.43627059375000005 0.46971532343750005 0.4003625109375 0.477373271875 0.41011873281250005 0.54912123125 0.448561428125 0.5431961828125 0.45781379062500005 0.6113590015625 0.492261059375 0.604950915625 0.4725385796875 0.464618190625 0.541151103125 0.45445304999999997 0.5296072 0.3793003765625
1 0.51015625 0.53515625 0.077734375 0.13671875
4 0.38515625 0.72734375 0.130078125 0.37421875
4 0.4921875 0.759375 0.133984375 0.307421875
5 0.581110309375 0.6280322046875 0.5790933359375 0.6116052796875 0.5408747828125 0.61681900625 0.5506314125 0.7015993421875 0.6546875 0.690375903125 0.6546875 0.684735159375 0.6467358796875 0.6199743984375 0.581110309375 0.6280322046875
2 0.586748909375 0.53224814375 0.6512796765625 0.532064728125 0.6452900671874999 0.3884056078125 0.5425376375 0.389923753125 0.5500919171875001 0.60625 0.5868157375 0.60625 0.5893300453125 0.6061621984375 0.586748909375 0.53224814375
5 0.39956609374999996 0.460638325 0.4344981328125 0.4633641984375 0.4421875 0.40073933281249996 0.4421875 0.390871446875 0.408194715625 0.387704340625 0.39956609374999996 0.460638325