4 0.18046875 0.54765625 0.173046875 0.37421875
3 0.34140625 0.60390625 0.15390625 0.25234375
2 0.30390625 0.30234375 0.211328125 0.14453125
2 0.45 0.42109375 0.365625 0.11484375
1 0.43828125 0.31171875 0.07421875 0.127734375
1 0.52421875 0.31015625 0.105078125 0.1390625
5 0.62890625 0.1703125 0.104296875 0.14375
0 0.84609375 0.35546875 0.06328125 0.18515625
4 0.69609375 0.56953125 0.24296875 0.218359375
4 0.74375 0.359375 0.151953125 0.183203125
5 0.62734375 0.31640625 0.09765625 0.1203125
4 0.49453125 0.596875 0.14921875 0.25859375