4 0.18046875 0.54765625 0.157421875 0.36796875
3 0.34140625 0.60390625 0.1515625 0.2515625
2 0.30390625 0.30234375 0.201953125 0.128125
2 0.45 0.42109375 0.365625 0.1203125
1 0.43828125 0.31171875 0.075 0.127734375
1 0.52421875 0.31015625 0.107421875 0.13984375
5 0.62890625 0.1703125 0.099609375 0.140625
0 0.84609375 0.35546875 0.0421875 0.1828125
4 0.69609375 0.56953125 0.2390625 0.214453125
4 0.74375 0.359375 0.149609375 0.180859375
5 0.62734375 0.31640625 0.090625 0.11484375
4 0.49453125 0.596875 0.1578125 0.2625