3 0.5984375 0.82578125 0.240625 0.22890625
5 0.43984375 0.8703125 0.076953125 0.125
4 0.3359375 0.17421875 0.121875 0.255078125
4 0.4640625 0.17734375 0.13359375 0.25703125
0 0.609375 0.0671875 0.154296875 0.068359375
4 0.60625 0.22578125 0.158203125 0.23671875
5 0.5265625 0.40859375 0.107421875 0.1328125
1 0.309375 0.39375 0.096484375 0.172265625
1 0.37578125 0.425 0.055859375 0.09375
2 0.4359375 0.49375 0.096484375 0.36328125
2 0.4375 0.74296875 0.066796875 0.127734375
1 0.6296875 0.4078125 0.1 0.12109375
4 0.5921875 0.59921875 0.24765625 0.21875