3 0.5984375 0.82578125 0.24375 0.2328125
5 0.43984375 0.8703125 0.076953125 0.125
4 0.3359375 0.17421875 0.13671875 0.261328125
4 0.4640625 0.17734375 0.13515625 0.2578125
0 0.609375 0.0671875 0.155859375 0.072265625
4 0.60625 0.22578125 0.172265625 0.24375
5 0.5265625 0.40859375 0.116015625 0.1390625
1 0.309375 0.39375 0.077734375 0.166015625
1 0.37578125 0.425 0.061328125 0.096875
2 0.4359375 0.49375 0.078515625 0.36328125
2 0.4375 0.74296875 0.069140625 0.128515625
1 0.6296875 0.4078125 0.10703125 0.12578125
4 0.5921875 0.59921875 0.2515625 0.2234375