1 0.78828125 0.60078125 0.088671875 0.137109375
1 0.675 0.59765625 0.134765625 0.13046875
1 0.559375 0.5953125 0.092578125 0.122265625
4 0.53984375 0.28046875 0.121875 0.330078125
4 0.66484375 0.2828125 0.125 0.322265625
4 0.80625 0.3203125 0.187890625 0.425390625
3 0.2984375 0.70390625 0.26953125 0.200390625
2 0.46640625 0.6203125 0.06953125 0.16015625
2 0.5734375 0.490625 0.295703125 0.10078125
4 0.4420417609375 0.43094009531250005 0.4876629265625 0.41943705312499996 0.43069257031249997 0.0894546 0.2721540578125 0.1184758453125 0.22843867499999998 0.6259790453125 0.4681999109375 0.5854319078125 0.4420417609375 0.43094009531250005
0 0.66796875 0.08828125 0.272265625 0.08125
0 0.41328125 0.08671875 0.24140625 0.076171875
0 0.2435334953125 0.20477921562499998 0.189187525 0.4719733421875 0.21972038125 0.49254891250000005 0.28090321406249996 0.2249917546875 0.2435334953125 0.20477921562499998