1 0.78828125 0.60078125 0.086328125 0.135546875
1 0.675 0.59765625 0.141796875 0.13828125
1 0.559375 0.5953125 0.104296875 0.130078125
4 0.53984375 0.28046875 0.1328125 0.333203125
4 0.66484375 0.2828125 0.16171875 0.332421875
4 0.80625 0.3203125 0.171484375 0.421484375
3 0.2984375 0.70390625 0.2796875 0.216015625
2 0.46640625 0.6203125 0.07265625 0.16171875
2 0.5734375 0.490625 0.298046875 0.1109375
4 0.44567738749999997 0.42498191875 0.4906340078125 0.41110701406250005 0.41647177968750004 0.08455838906249999 0.25966939375 0.12183712499999999 0.2425745875 0.630932696875 0.47988516406250004 0.57789299375 0.44567738749999997 0.42498191875
0 0.66796875 0.08828125 0.273046875 0.08359375
0 0.41328125 0.08671875 0.24140625 0.076171875
0 0.22340069218749997 0.2050090484375 0.20676985 0.47716635781249994 0.2398691265625 0.4932923359375 0.2632197734375 0.219824021875 0.22340069218749997 0.2050090484375