0 0.6453125 0.14453125 0.13203125 0.0859375
2 0.3546875 0.53671875 0.13359375 0.111328125
2 0.51171875 0.52890625 0.1828125 0.08984375
1 0.32578125 0.6421875 0.081640625 0.091796875
4 0.35546875 0.7953125 0.150390625 0.21953125
4 0.625 0.79765625 0.175 0.212890625
4 0.48515625 0.79453125 0.12734375 0.222265625
1 0.671875 0.4828125 0.075390625 0.1359375
1 0.67265625 0.6234375 0.063671875 0.141015625
4 0.49609375 0.2921875 0.154296875 0.375
3 0.63828125 0.30546875 0.129296875 0.216796875
5 0.59296875 0.63359375 0.104296875 0.126171875
5 0.4828125 0.628125 0.121875 0.101171875