0 0.6453125 0.14453125 0.13828125 0.09765625
2 0.3546875 0.53671875 0.13125 0.108203125
2 0.51171875 0.52890625 0.18671875 0.10078125
1 0.32578125 0.6421875 0.073046875 0.084765625
4 0.35546875 0.7953125 0.152734375 0.22109375
4 0.625 0.79765625 0.1734375 0.212109375
4 0.48515625 0.79453125 0.13828125 0.226171875
1 0.671875 0.4828125 0.069140625 0.1328125
1 0.67265625 0.6234375 0.066796875 0.142578125
4 0.49609375 0.2921875 0.190234375 0.384375
3 0.63828125 0.30546875 0.132421875 0.219140625
5 0.59296875 0.63359375 0.091796875 0.116796875
5 0.4828125 0.628125 0.12734375 0.108984375