0 0.6453125 0.14453125 0.13125 0.084375
2 0.3546875 0.53671875 0.128125 0.10390625
2 0.51171875 0.52890625 0.18125 0.0859375
1 0.32578125 0.6421875 0.07265625 0.08515625
4 0.35546875 0.7953125 0.13046875 0.2078125
4 0.625 0.79765625 0.159375 0.20078125
4 0.48515625 0.79453125 0.11875 0.21796875
1 0.671875 0.4828125 0.06484375 0.13125
1 0.67265625 0.6234375 0.06171875 0.13984375
4 0.49609375 0.2921875 0.14765625 0.3734375
3 0.63828125 0.30546875 0.12421875 0.21484375
5 0.59296875 0.63359375 0.09140625 0.11640625
5 0.4828125 0.628125 0.11875 0.09765625