4 0.40050875937499997 0.3764385484375 0.455417253125 0.159809271875 0.37526455937500003 0.1376599609375 0.3195227640625 0.3568998921875 0.40050875937499997 0.3764385484375
4 0.5193256859375001 0.305843625 0.5265625 0.1561242765625 0.5265625 0.153286159375 0.43808577812499994 0.14375 0.43791762500000003 0.14375 0.4389066234375 0.302985675 0.5193256859375001 0.305843625
4 0.52934550625 0.3606301765625 0.542440075 0.3609375 0.623686784375 0.3609375 0.6265625 0.20573645468750001 0.6265625 0.15135749999999998 0.532598275 0.14901326718750002 0.52934550625 0.3606301765625
1 0.6322857328125 0.4060575015625 0.637513921875 0.3717428859375 0.61073526875 0.3659569609375 0.5862179140625 0.4829164140625 0.645378515625 0.4953125 0.6549730125 0.4953125 0.6724533796875 0.4117743171875 0.6322857328125 0.4060575015625
5 0.584093340625 0.36203693124999997 0.5204655078125 0.3778591078125 0.5451937890624999 0.4921875 0.5479466562499999 0.4921875 0.608623996875 0.4804913328125 0.584093340625 0.36203693124999997
5 0.34039508125 0.38712753437499997 0.356398525 0.45625 0.35882323125000004 0.45625 0.4359375 0.43954220624999996 0.4359375 0.43604931249999995 0.4185109265625 0.365129325 0.34039508125 0.38712753437499997
2 0.5467888890625 0.329242928125 0.45785716875000004 0.3080031875 0.44903200156249995 0.3540600734375 0.501037146875 0.36396825 0.4682466734375 0.532186346875 0.42357686718750004 0.5235167890625 0.410838446875 0.5821088140625 0.47837595781250003 0.598149496875 0.512399196875 0.6044553578125 0.5276933968749999 0.5138307578125 0.5133960156249999 0.511209434375 0.5467888890625 0.329242928125
5 0.42766780156250006 0.44262306875 0.4693832859375 0.45 0.476281559375 0.45 0.4875 0.3885126046875 0.4875 0.3809420578125 0.43674881093750006 0.37103633125 0.42766780156250006 0.44262306875
1 0.3828125 0.4875 0.08203125 0.079296875
1 0.45078125 0.4859375 0.06640625 0.0765625
3 0.3875 0.64140625 0.09765625 0.218359375
4 0.4828125 0.70234375 0.127734375 0.2203125
0 0.42389434843749996 0.8202921218749999 0.41614992500000003 0.7631321984375 0.3390625 0.773504303125 0.3390625 0.77374671875 0.35566440625 0.902813375 0.5421875 0.8819665406249999 0.5421875 0.8819390593750001 0.533701703125 0.8089679953125 0.42389434843749996 0.8202921218749999