4 0.32723545 0.1529140046875 0.36533612187500003 0.375 0.3702194171875 0.375 0.446875 0.36088121875 0.446875 0.35763494375 0.409467515625 0.1405473671875 0.32723545 0.1529140046875
4 0.4204533296875 0.1550220625 0.457241403125 0.30997170625 0.534375 0.2950278125 0.534375 0.2843223171875 0.509111884375 0.14437433125000002 0.4204533296875 0.1550220625
4 0.52211641875 0.356993840625 0.5976767515625 0.3640625 0.616190403125 0.3640625 0.6328125 0.1763917796875 0.6328125 0.154928609375 0.5401229140625 0.146119321875 0.52211641875 0.356993840625
1 0.64779885 0.496875 0.652530440625 0.496875 0.673115334375 0.41318571562499995 0.633171671875 0.40607055000000003 0.6395942390625 0.3719593 0.614546953125 0.365625 0.61293955625 0.365625 0.5844495796875 0.4812749 0.64779885 0.496875
5 0.5196037828125 0.37864545625 0.5462444468750001 0.4921875 0.55044774375 0.4921875 0.609375 0.4797582796875 0.609375 0.478991196875 0.582945790625 0.36171522968750003 0.5196037828125 0.37864545625
5 0.34053969687499996 0.4399096421875 0.411431275 0.4546875 0.421267159375 0.4546875 0.434375 0.381798509375 0.434375 0.38141630625 0.354132128125 0.3697498328125 0.34053969687499996 0.4399096421875
2 0.5326140640625 0.49595846093749996 0.49225238750000005 0.3154097734375 0.403125 0.3304326421875 0.403125 0.3354071765625 0.41196353124999996 0.3764507359375 0.46370595156250005 0.36525123125 0.49925020781249996 0.5329090640625 0.45474396875 0.542382578125 0.46591191875 0.60129411875 0.53434811875 0.5896706375 0.5671875 0.582390346875 0.5671875 0.5782290296875 0.54679910625 0.4927849703125 0.5326140640625 0.49595846093749996
5 0.4250606109375 0.4399722953125 0.4682300640625 0.4515625 0.4728452359375 0.4515625 0.490625 0.3867481890625 0.490625 0.3839086703125 0.4403462578125 0.3694494296875 0.4250606109375 0.4399722953125
1 0.3828125 0.4875 0.07734375 0.075390625
1 0.45078125 0.4859375 0.06484375 0.075
3 0.3875 0.64140625 0.0875 0.215234375
4 0.4828125 0.70234375 0.116796875 0.21640625
0 0.4257240140625 0.8168675296875 0.43003304218749994 0.7593465312500001 0.3524428421875 0.753462265625 0.34182792812499996 0.88339969375 0.5104407015625 0.9 0.5287805750000001 0.9 0.5354862328125 0.828621096875 0.4257240140625 0.8168675296875