4 0.6 0.7265625 0.205078125 0.30234375
4 0.41484375 0.61484375 0.209375 0.348828125
4 0.76953125 0.5140625 0.223828125 0.363671875
4 0.7796875 0.21484375 0.20625 0.287890625
3 0.23671875 0.6171875 0.205859375 0.358203125
2 0.6314661078125 0.367775815625 0.3848350984375 0.315799503125 0.36641694375 0.41667981249999997 0.6130185 0.45702568125000004 0.5877654140625 0.5906200953125 0.6354786625 0.5918667859375 0.703125 0.21247112812500002 0.703125 0.20768275468750003 0.663093715625 0.2064778765625 0.6314661078125 0.367775815625
1 0.41484375 0.26015625 0.09921875 0.16328125
1 0.53984375 0.25234375 0.173046875 0.17421875
1 0.5640625 0.50703125 0.10859375 0.12734375
5 0.196875 0.3703125 0.1078125 0.151953125
2 0.31875 0.309375 0.140625 0.290234375
0 0.78125 0.73984375 0.180078125 0.10390625