4 0.6 0.7265625 0.17734375 0.2875
4 0.41484375 0.61484375 0.1796875 0.33515625
4 0.76953125 0.5140625 0.19765625 0.35078125
4 0.7796875 0.21484375 0.175 0.26953125
3 0.23671875 0.6171875 0.18046875 0.34609375
2 0.63112413125 0.1851105390625 0.6279861109375 0.3494500765625 0.37607638906249996 0.34109042500000003 0.37545572968749996 0.443636415625 0.625316840625 0.4405474296875 0.6236458328125 0.5764973953125 0.6708506953125 0.5694398281249999 0.6715972234375001 0.179223459375 0.63112413125 0.1851105390625
1 0.41484375 0.26015625 0.084375 0.15625
1 0.53984375 0.25234375 0.17109375 0.171875
1 0.5640625 0.50703125 0.1 0.1203125
5 0.196875 0.3703125 0.1015625 0.14765625
2 0.31875 0.309375 0.10625 0.28203125
0 0.78125 0.73984375 0.17734375 0.1