4 0.25885095156250004 0.060903065624999995 0.283897025 0.2717049546875 0.38584855625 0.25792748906249996 0.3980147203125 0.3627119671875 0.44375 0.353016428125 0.44375 0.3488744890625 0.40580588906250004 0.0449038640625 0.25885095156250004 0.060903065624999995
5 0.32734375 0.31171875 0.100390625 0.0984375
4 0.51796875 0.2546875 0.203125 0.413671875
1 0.3265625 0.415625 0.1109375 0.11640625
5 0.321875 0.50625 0.09375 0.07890625
4 0.326885084375 0.5421416390625 0.35759516874999997 0.685706009375 0.265935203125 0.7029720109375 0.3169728921875 0.9390625 0.31976474062500004 0.9390625 0.4453125 0.9104022765625001 0.4453125 0.9066866093750001 0.36468562968749996 0.5348312156249999 0.326885084375 0.5421416390625
1 0.32265625 0.61484375 0.09296875 0.14296875
1 0.44921875 0.60625 0.104296875 0.134375
0 0.64609375 0.8890625 0.125390625 0.08515625
3 0.64453125 0.7234375 0.15859375 0.267578125
5 0.43359375 0.79921875 0.0859375 0.25625
2 0.366024165625 0.5330262234375 0.49269641875000003 0.5313224875 0.48750980625 0.595608946875 0.6765387234375 0.597247434375 0.6796875 0.47163343593749996 0.6796875 0.465527809375 0.367334315625 0.4588869125 0.366024165625 0.5330262234375
4 0.5140663156249999 0.66633853125 0.4834664875 0.660328659375 0.43225449843749997 0.9155143453125 0.550329734375 0.93389295 0.6125 0.6192089953125001 0.6125 0.6161463390625 0.5259054859375001 0.5961901171874999 0.5140663156249999 0.66633853125