4 0.24151888124999998 0.073292040625 0.2920685515625 0.27947029687499997 0.39158110156250003 0.253370759375 0.4164265953125 0.35589150625 0.4609375 0.3405920390625 0.4609375 0.339776275 0.38542862499999997 0.03950279375 0.24151888124999998 0.073292040625
5 0.32734375 0.31171875 0.101953125 0.1
4 0.51796875 0.2546875 0.21328125 0.417578125
1 0.3265625 0.415625 0.103125 0.109375
5 0.321875 0.50625 0.0953125 0.08125
4 0.3336723359375 0.5417588046875 0.3593533875 0.6863074859375 0.267146684375 0.7003640828125001 0.3098073515625 0.9375 0.316297640625 0.9375 0.4390625 0.9139498421875001 0.4390625 0.9088705828125001 0.3717049828125 0.5357720546875 0.3336723359375 0.5417588046875
1 0.32265625 0.61484375 0.103125 0.14921875
1 0.44921875 0.60625 0.105859375 0.13515625
0 0.64609375 0.8890625 0.123828125 0.08203125
3 0.64453125 0.7234375 0.13984375 0.260546875
5 0.43359375 0.79921875 0.06875 0.25390625
2 0.3640625 0.46708732656249996 0.3640625 0.47133775 0.36648695 0.541198184375 0.4928964359375 0.5328672703125 0.49108142499999996 0.5973370734375 0.6796875 0.5890912140625 0.6796875 0.5799413546875 0.6763407546875 0.45737164531249996 0.3640625 0.46708732656249996
4 0.548103921875 0.592773946875 0.46001090468749994 0.6083426765625 0.47652206093749994 0.6775405640625001 0.44600652656250006 0.6839647531249999 0.49829117343749996 0.9375 0.5040256140625 0.9375 0.6144445546874999 0.9096564578124999 0.548103921875 0.592773946875