4 0.6 0.7265625 0.182421875 0.28984375
4 0.41484375 0.61484375 0.18828125 0.339453125
4 0.76953125 0.5140625 0.234765625 0.367578125
4 0.7796875 0.21484375 0.18828125 0.277734375
3 0.23671875 0.6171875 0.213671875 0.361328125
2 0.631934296875 0.37722175 0.3907718265625 0.30394791250000003 0.3636314609375 0.4028390953125 0.6057782484375 0.464524178125 0.5689777390625 0.595409271875 0.6164007671875 0.600809703125 0.7171875 0.22752649218749998 0.7171875 0.22397323125000002 0.67749959375 0.219294125 0.631934296875 0.37722175
1 0.41484375 0.26015625 0.08515625 0.15625
1 0.53984375 0.25234375 0.177734375 0.17890625
1 0.5640625 0.50703125 0.1015625 0.121875
5 0.196875 0.3703125 0.10859375 0.152734375
2 0.31875 0.309375 0.12734375 0.287890625
0 0.78125 0.73984375 0.184765625 0.1140625