4 0.49765625 0.21484375 0.11640625 0.2875
0 0.6078125 0.09921875 0.084375 0.06015625
3 0.60703125 0.24609375 0.09296875 0.221875
2 0.60703125 0.41484375 0.08828125 0.10078125
1 0.51796875 0.46484375 0.08046875 0.0796875
5 0.51640625 0.5625 0.08125 0.1015625
4 0.4984375 0.7265625 0.11484375 0.2125
0 0.49921875 0.8671875 0.1140625 0.05078125
4 0.38984375 0.7515625 0.09453125 0.27421875
1 0.37265625 0.5484375 0.05625 0.1203125
4 0.38984375 0.390625 0.09609375 0.18984375
2 0.50078125 0.3921875 0.11875 0.0515625