4 0.49765625 0.21484375 0.121484375 0.2890625
0 0.6078125 0.09921875 0.08671875 0.063671875
3 0.60703125 0.24609375 0.092578125 0.221875
2 0.60703125 0.41484375 0.089453125 0.101171875
1 0.51796875 0.46484375 0.086328125 0.0859375
5 0.51640625 0.5625 0.084375 0.103125
4 0.4984375 0.7265625 0.129296875 0.21875
0 0.49921875 0.8671875 0.11484375 0.051953125
4 0.38984375 0.7515625 0.122265625 0.280859375
1 0.37265625 0.5484375 0.06796875 0.125
4 0.38984375 0.390625 0.116796875 0.198828125
2 0.50078125 0.3921875 0.12109375 0.06015625