4 0.49765625 0.21484375 0.140234375 0.2953125
0 0.6078125 0.09921875 0.090625 0.069921875
3 0.60703125 0.24609375 0.095703125 0.22265625
2 0.60703125 0.41484375 0.090234375 0.101953125
1 0.51796875 0.46484375 0.081640625 0.08125
5 0.51640625 0.5625 0.084375 0.103125
4 0.4984375 0.7265625 0.122265625 0.215625
0 0.49921875 0.8671875 0.1140625 0.051171875
4 0.38984375 0.7515625 0.117578125 0.280078125
1 0.37265625 0.5484375 0.0578125 0.121875
4 0.38984375 0.390625 0.108203125 0.195703125
2 0.50078125 0.3921875 0.1203125 0.05703125