4 0.37265625 0.24140625 0.173046875 0.358203125
4 0.4953125 0.79140625 0.1265625 0.2515625
4 0.37421875 0.803125 0.152734375 0.26796875
3 0.50234375 0.29609375 0.139453125 0.250390625
1 0.52734375 0.48515625 0.08125 0.13515625
1 0.35234375 0.54921875 0.083203125 0.1
2 0.3171875 0.45546875 0.1546875 0.087890625
2 0.440625 0.4609375 0.11171875 0.0828125
5 0.41328125 0.5484375 0.05703125 0.1078125
5 0.35 0.6390625 0.08671875 0.0734375
0 0.503125 0.10703125 0.12109375 0.10390625
5 0.5265625 0.61640625 0.072265625 0.1109375