4 0.37265625 0.24140625 0.138671875 0.349609375
4 0.4953125 0.79140625 0.1328125 0.2546875
4 0.37421875 0.803125 0.141015625 0.2640625
3 0.50234375 0.29609375 0.147265625 0.252734375
1 0.52734375 0.48515625 0.0765625 0.13359375
1 0.35234375 0.54921875 0.082421875 0.09921875
2 0.3171875 0.45546875 0.15546875 0.090234375
2 0.440625 0.4609375 0.10546875 0.07265625
5 0.41328125 0.5484375 0.04765625 0.1046875
5 0.35 0.6390625 0.08671875 0.0734375
0 0.503125 0.10703125 0.121875 0.1046875
5 0.5265625 0.61640625 0.076953125 0.1140625