4 0.37265625 0.24140625 0.13359375 0.34765625
4 0.4953125 0.79140625 0.1234375 0.25
4 0.37421875 0.803125 0.12421875 0.2578125
3 0.50234375 0.29609375 0.11953125 0.24140625
1 0.52734375 0.48515625 0.0671875 0.1296875
1 0.35234375 0.54921875 0.07890625 0.096875
2 0.3171875 0.45546875 0.15 0.07734375
2 0.440625 0.4609375 0.1046875 0.071875
5 0.41328125 0.5484375 0.0453125 0.1046875
5 0.35 0.6390625 0.084375 0.0703125
0 0.503125 0.10703125 0.115625 0.096875
5 0.5265625 0.61640625 0.06953125 0.109375