4 0.746875 0.34375 0.41796875 0.3734375
4 0.1875 0.34453125 0.2359375 0.34453125
4 0.225 0.6625 0.30546875 0.28359375
3 0.72109375 0.6609375 0.309375 0.3
1 0.490625 0.28984375 0.123828125 0.245703125
1 0.365625 0.3578125 0.138671875 0.10546875
1 0.40078125 0.71796875 0.071875 0.155859375
5 0.36484375 0.23515625 0.1359375 0.140625
2 0.50390625 0.7203125 0.14140625 0.162890625
0 0.9046875 0.6765625 0.11953125 0.275390625
2 0.2996402546875 0.49137433281250004 0.43673264375 0.5184112484375001 0.4122838015625 0.6336218875 0.5150683671875 0.6578125 0.52391015625 0.6578125 0.56875 0.4501323515625 0.56875 0.44233664062500005 0.3203645671875 0.390659265625 0.2996402546875 0.49137433281250004