4 0.746875 0.34375 0.3921875 0.34140625
4 0.1875 0.34453125 0.2359375 0.34453125
4 0.225 0.6625 0.31015625 0.28828125
3 0.72109375 0.6609375 0.30078125 0.29140625
1 0.490625 0.28984375 0.142578125 0.253515625
1 0.365625 0.3578125 0.143359375 0.1125
1 0.40078125 0.71796875 0.06328125 0.152734375
5 0.36484375 0.23515625 0.13671875 0.14140625
2 0.50390625 0.7203125 0.15703125 0.175390625
0 0.9046875 0.6765625 0.10625 0.273046875
2 0.5681494484375 0.6094595390624999 0.5264651203125 0.39128179531249996 0.27601946875 0.4410853390625 0.29629515 0.54189168125 0.43305352499999994 0.5132130312500001 0.45556462968749994 0.62881790625 0.5681494484375 0.6094595390624999