4 0.66015625 0.49609375 0.1359375 0.3453125
0 0.66015625 0.28203125 0.1359375 0.06953125
4 0.340625 0.5171875 0.153125 0.1796875
4 0.321875 0.33125 0.10546875 0.1640625
1 0.41953125 0.30625 0.08203125 0.11328125
1 0.55546875 0.61640625 0.06796875 0.09921875
1 0.42109375 0.73359375 0.09140625 0.0953125
4 0.31953125 0.69765625 0.10546875 0.16328125
3 0.52578125 0.36328125 0.12734375 0.240625
1 0.61015625 0.8359375 0.07578125 0.10859375
5 0.6578125 0.725 0.1375 0.1046875
5 0.55625 0.72578125 0.0640625 0.10703125
2 0.49140625 0.72109375 0.0625 0.10390625
2 0.44140625 0.5234375 0.040625 0.321875
2 0.49140625 0.57578125 0.06484375 0.18984375