4 0.66015625 0.49609375 0.14453125 0.3484375
0 0.66015625 0.28203125 0.1390625 0.076171875
4 0.340625 0.5171875 0.16015625 0.18515625
4 0.321875 0.33125 0.123828125 0.1734375
1 0.41953125 0.30625 0.083984375 0.113671875
1 0.55546875 0.61640625 0.075390625 0.103515625
1 0.42109375 0.73359375 0.099609375 0.103125
4 0.31953125 0.69765625 0.120703125 0.172265625
3 0.52578125 0.36328125 0.137109375 0.2453125
1 0.61015625 0.8359375 0.087890625 0.116015625
5 0.6578125 0.725 0.140625 0.109375
5 0.55625 0.72578125 0.07265625 0.112109375
2 0.49140625 0.72109375 0.07421875 0.110546875
2 0.44140625 0.5234375 0.07578125 0.321875
2 0.49140625 0.57578125 0.075390625 0.192578125