4 0.66015625 0.49609375 0.14765625 0.34921875
0 0.66015625 0.28203125 0.13984375 0.078515625
4 0.340625 0.5171875 0.17109375 0.19375
4 0.321875 0.33125 0.121484375 0.171875
1 0.41953125 0.30625 0.087109375 0.116015625
1 0.55546875 0.61640625 0.077734375 0.105078125
1 0.42109375 0.73359375 0.092578125 0.09609375
4 0.31953125 0.69765625 0.120703125 0.172265625
3 0.52578125 0.36328125 0.146484375 0.24921875
1 0.61015625 0.8359375 0.079296875 0.111328125
5 0.6578125 0.725 0.146875 0.11796875
5 0.55625 0.72578125 0.06640625 0.108984375
2 0.49140625 0.72109375 0.0625 0.104296875
2 0.44140625 0.5234375 0.06484375 0.32265625
2 0.49140625 0.57578125 0.076953125 0.192578125