5 0.21796875 0.1859375 0.092578125 0.217578125
4 0.30546875 0.50703125 0.2328125 0.4375
0 0.23046875 0.84140625 0.09375 0.24921875
3 0.36875 0.8453125 0.22109375 0.26015625
2 0.227755675 0.175016209375 0.244438840625 0.32353490156250003 0.39504042031250003 0.30373524218750003 0.4423318328125 0.7238662296875 0.667103340625 0.7022885390625 0.64983705 0.5400672890625 0.5931657 0.547627734375 0.6004973203125 0.6347738390625 0.497795678125 0.6437758812500001 0.43818033281249996 0.15108516875 0.227755675 0.175016209375
1 0.51875 0.4640625 0.090625 0.2046875
4 0.68984375 0.46171875 0.2625 0.21640625
4 0.7265625 0.65625 0.19921875 0.211328125
4 0.6984375 0.86015625 0.240234375 0.22421875
1 0.5296875 0.85390625 0.112890625 0.229296875
1 0.525 0.6078125 0.10546875 0.08984375