4 0.521875 0.18203125 0.187890625 0.29375
4 0.3328125 0.26796875 0.189453125 0.32578125
4 0.7046875 0.32421875 0.20546875 0.251953125
4 0.3984375 0.5421875 0.31171875 0.248828125
3 0.38203125 0.7953125 0.291015625 0.296875
1 0.74296875 0.6859375 0.09921875 0.183203125
1 0.65 0.70234375 0.100390625 0.1515625
1 0.64921875 0.53515625 0.109765625 0.193359375
2 0.59375 0.853125 0.158203125 0.15390625
2 0.5734375 0.5546875 0.073828125 0.4484375
0 0.70234375 0.1453125 0.185546875 0.1
5 0.74609375 0.51953125 0.1046875 0.146875