5 0.21796875 0.1859375 0.096484375 0.218359375
4 0.30546875 0.50703125 0.24609375 0.4421875
0 0.23046875 0.84140625 0.08203125 0.2484375
3 0.36875 0.8453125 0.21328125 0.253125
2 0.42687241875000004 0.295327778125 0.37844284687499996 0.7153290890624999 0.6023074 0.744867021875 0.6219754843749999 0.582919421875 0.5650558875 0.5775378124999999 0.552595990625 0.664099625 0.45050156562500004 0.6497681015625 0.503245453125 0.1562944859375 0.29752274375 0.1328125 0.292768771875 0.1328125 0.27567679375 0.280741990625 0.42687241875000004 0.295327778125
1 0.51875 0.4640625 0.0890625 0.20390625
4 0.68984375 0.46171875 0.2515625 0.2015625
4 0.7265625 0.65625 0.18984375 0.202734375
4 0.6984375 0.86015625 0.254296875 0.2390625
1 0.5296875 0.85390625 0.122265625 0.232421875
1 0.525 0.6078125 0.10546875 0.08984375