4 0.521875 0.18203125 0.216015625 0.309375
4 0.3328125 0.26796875 0.191796875 0.32734375
4 0.7046875 0.32421875 0.18359375 0.235546875
4 0.3984375 0.5421875 0.3140625 0.251171875
3 0.38203125 0.7953125 0.297265625 0.303125
1 0.74296875 0.6859375 0.10546875 0.185546875
1 0.65 0.70234375 0.091015625 0.146875
1 0.64921875 0.53515625 0.093359375 0.187109375
2 0.59375 0.853125 0.155859375 0.1515625
2 0.5734375 0.5546875 0.093359375 0.44921875
0 0.70234375 0.1453125 0.180859375 0.0875
5 0.74609375 0.51953125 0.10703125 0.1484375