4 0.36640625 0.24375 0.144140625 0.253125
4 0.4953125 0.3203125 0.1828125 0.403515625
3 0.63046875 0.309375 0.1390625 0.233203125
0 0.63046875 0.1609375 0.1296875 0.078125
0 0.6609375 0.4703125 0.081640625 0.101953125
2 0.62109375 0.5625 0.115234375 0.101171875
2 0.496875 0.55546875 0.1453125 0.08125
1 0.52421875 0.6625 0.10234375 0.142578125
4 0.50078125 0.83203125 0.14921875 0.209765625
4 0.36953125 0.78046875 0.141796875 0.31015625
1 0.3453125 0.5515625 0.095703125 0.1546875
5 0.3453125 0.41875 0.078515625 0.106640625