4 0.36640625 0.24375 0.118359375 0.24375
4 0.4953125 0.3203125 0.1890625 0.404296875
3 0.63046875 0.309375 0.1375 0.232421875
0 0.63046875 0.1609375 0.13359375 0.084375
0 0.6609375 0.4703125 0.082421875 0.102734375
2 0.62109375 0.5625 0.107421875 0.091015625
2 0.496875 0.55546875 0.14453125 0.0796875
1 0.52421875 0.6625 0.1015625 0.141796875
4 0.50078125 0.83203125 0.15546875 0.213671875
4 0.36953125 0.78046875 0.149609375 0.3125
1 0.3453125 0.5515625 0.091796875 0.15234375
5 0.3453125 0.41875 0.087890625 0.112890625