4 0.6578125 0.25078125 0.12734375 0.4484375
1 0.6578125 0.5234375 0.12734375 0.09296875
4 0.6578125 0.81015625 0.125 0.29375
4 0.48828125 0.8140625 0.2078125 0.31875
3 0.33046875 0.73203125 0.10390625 0.315625
0 0.328125 0.93671875 0.1078125 0.0859375
2 0.5576041671875 0.41908383125000004 0.5589062499999999 0.548481825 0.4510763890625 0.5398936171875001 0.45536458281250003 0.42165336875000003 0.378776040625 0.41918772187500003 0.38058593749999997 0.32248032968749996 0.285121528125 0.3180823359375 0.285121528125 0.497936059375 0.38708333281249996 0.4920004984375 0.3891666671875 0.6439356171874999 0.5912109375 0.645777925 0.591879340625 0.42413979375000005 0.5576041671875 0.41908383125000004
1 0.5046875 0.47421875 0.096875 0.11875
1 0.54375 0.3609375 0.09609375 0.09765625
1 0.5453125 0.1015625 0.09765625 0.1828125
4 0.4375 0.209375 0.10703125 0.4046875