4 0.6578125 0.25078125 0.142578125 0.45234375
1 0.6578125 0.5234375 0.130078125 0.096484375
4 0.6578125 0.81015625 0.14453125 0.30078125
4 0.48828125 0.8140625 0.2078125 0.31875
3 0.33046875 0.73203125 0.106640625 0.31640625
0 0.328125 0.93671875 0.115625 0.09765625
2 0.564605296875 0.4339937171875 0.5501280265624999 0.5625858828125 0.4441485515625 0.5409205359375 0.46281464375 0.42408423125 0.3870974671875 0.41230316718750004 0.400679540625 0.3165371890625 0.3064626890625 0.3005377921875 0.2845440328125 0.4790509125 0.3864691921875 0.4855856125 0.37002076562499997 0.6366421250000001 0.5540059125 0.6609375 0.570605859375 0.6609375 0.5980088218749999 0.44318908749999997 0.564605296875 0.4339937171875
1 0.5046875 0.47421875 0.0984375 0.1203125
1 0.54375 0.3609375 0.101171875 0.101953125
1 0.5453125 0.1015625 0.112109375 0.18984375
4 0.4375 0.209375 0.133984375 0.41015625