4 0.6578125 0.25078125 0.134765625 0.45
1 0.6578125 0.5234375 0.137109375 0.107421875
4 0.6578125 0.81015625 0.146875 0.3015625
4 0.48828125 0.8140625 0.21796875 0.325
3 0.33046875 0.73203125 0.125390625 0.32109375
0 0.328125 0.93671875 0.11015625 0.08984375
2 0.564605296875 0.4339937171875 0.5501280265624999 0.5625858828125 0.4441485515625 0.5409205359375 0.46281464375 0.42408423125 0.3870974671875 0.41230316718750004 0.400679540625 0.3165371890625 0.3064626890625 0.3005377921875 0.2845440328125 0.4790509125 0.3864691921875 0.4855856125 0.37002076562499997 0.6366421250000001 0.5540059125 0.6609375 0.570605859375 0.6609375 0.5980088218749999 0.44318908749999997 0.564605296875 0.4339937171875
1 0.5046875 0.47421875 0.10234375 0.1234375
1 0.54375 0.3609375 0.102734375 0.103515625
1 0.5453125 0.1015625 0.105078125 0.18671875
4 0.4375 0.209375 0.153515625 0.41171875