4 0.30078125 0.296875 0.14375 0.30234375
1 0.29765625 0.5421875 0.125390625 0.19609375
0 0.421875 0.18828125 0.12109375 0.07109375
3 0.42109375 0.334375 0.121875 0.21328125
4 0.559375 0.36953125 0.162109375 0.303125
4 0.64940293125 0.5006960328125001 0.5272995203125 0.548605384375 0.560062634375 0.7328125 0.5614268015625 0.7328125 0.6770306390624999 0.6964282515625 0.64940293125 0.5006960328125001
4 0.5497479890625 0.7514087828125 0.5983100796875 0.9239791437499999 0.705801409375 0.8818525625 0.6604730390625 0.709744846875 0.5524249390625 0.75446126875 0.5497479890625 0.7514087828125
5 0.4153700015625 0.647823196875 0.43232648124999995 0.7390625 0.4359558984375 0.7390625 0.5046875 0.7126890484375 0.5046875 0.7122019640625 0.48964074062499996 0.6265910781249999 0.4153700015625 0.647823196875
1 0.5230843468749999 0.8283639765625 0.49612388125000007 0.71994896875 0.4196010125 0.7520632796875 0.4541964625 0.862518828125 0.5230843468749999 0.8283639765625
5 0.43947702499999997 0.8634826703125 0.45518097031250004 0.9578125 0.459235521875 0.9578125 0.5296875 0.9366446515625 0.5296875 0.9324295875 0.518954421875 0.845348171875 0.43947702499999997 0.8634826703125
2 0.41875 0.5390625 0.134375 0.184375