4 0.30078125 0.296875 0.11953125 0.29609375
1 0.29765625 0.5421875 0.126953125 0.196875
0 0.421875 0.18828125 0.12578125 0.08046875
3 0.42109375 0.334375 0.13125 0.21796875
4 0.559375 0.36953125 0.170703125 0.30546875
4 0.5297361828125 0.54603451875 0.5558253953125 0.7296875 0.5633139640625 0.7296875 0.6734375 0.6992086609375 0.6734375 0.6916174515625 0.653437225 0.5024157 0.5297361828125 0.54603451875
4 0.5650397796875 0.736493909375 0.5766612765625 0.9153898187499999 0.6905622703125001 0.896532509375 0.682007640625 0.7187614625000001 0.567023584375 0.740036259375 0.5650397796875 0.736493909375
5 0.4996690859375 0.7192152953125001 0.498192240625 0.63184135 0.4215144609375 0.6411935625 0.4240244671875 0.7352838890625 0.4996690859375 0.7192152953125001
1 0.51275528125 0.8396104125000001 0.512823621875 0.7278934671874999 0.43080465468750007 0.7405412874999999 0.43765085625 0.85608523125 0.51275528125 0.8396104125000001
5 0.5209339546875 0.8465674546875 0.4408720875 0.8619171859374999 0.45341499687500003 0.9578125 0.45377451406249997 0.9578125 0.528980209375 0.9380499531250001 0.5209339546875 0.8465674546875
2 0.41875 0.5390625 0.1375 0.18671875