4 0.30546875 0.17578125 0.336328125 0.28984375
1 0.23125 0.409375 0.18828125 0.219140625
5 0.234375 0.56875 0.1765625 0.1078125
4 0.27109375 0.7890625 0.272265625 0.35234375
4 0.52421875 0.69296875 0.259375 0.528515625
3 0.75859375 0.6171875 0.2421875 0.38984375
0 0.75703125 0.89765625 0.21875 0.175390625
5 0.80859375 0.21328125 0.108984375 0.12890625
1 0.80859375 0.32421875 0.125 0.11015625
2 0.30713204375 0.593785684375 0.3617007671875 0.6021125234375 0.3877853765625 0.38448922812499997 0.40179304531250004 0.3859789328125 0.400470225 0.41075985781249996 0.7508793859375 0.440387728125 0.7746612296875 0.1469969921875 0.670556 0.14453549062499998 0.6516891625000001 0.32373149843750004 0.32923538125 0.2933860515625 0.30713204375 0.593785684375
1 0.54609375 0.2234375 0.16640625 0.172265625