4 0.30546875 0.17578125 0.339453125 0.29375
1 0.23125 0.409375 0.19140625 0.220703125
5 0.234375 0.56875 0.17421875 0.103125
4 0.27109375 0.7890625 0.256640625 0.34140625
4 0.52421875 0.69296875 0.26796875 0.531640625
3 0.75859375 0.6171875 0.2234375 0.38046875
0 0.75703125 0.89765625 0.2234375 0.183203125
5 0.80859375 0.21328125 0.112109375 0.13125
1 0.80859375 0.32421875 0.12265625 0.10703125
2 0.6489913609375 0.31789674375 0.3253913328125 0.3044688125 0.31903998906250003 0.6056135578124999 0.373969721875 0.611073078125 0.38862905937500003 0.3923828640625 0.402695496875 0.3931374234375 0.40267142187499994 0.4179536171875 0.7541509625 0.429201884375 0.7625 0.1365574484375 0.7625 0.13496988593749998 0.6584539484375 0.1379589046875 0.6489913609375 0.31789674375
1 0.54609375 0.2234375 0.1625 0.169140625