4 0.48359375 0.17734375 0.135546875 0.24921875
4 0.6046875 0.209375 0.13671875 0.219921875
1 0.50703125 0.37734375 0.09296875 0.151953125
1 0.66256795625 0.304979265625 0.6660825046875 0.40562275937500003 0.590603065625 0.4039044921875 0.5963558640625 0.5409175796875 0.6656361375000001 0.5397014796875 0.6683954328125 0.563098359375 0.6953125 0.56302261875 0.6953125 0.55188404375 0.6874748609375 0.303238684375 0.66256795625 0.304979265625
5 0.6265625 0.3625 0.08515625 0.08671875
1 0.6600869703125001 0.5649726515625 0.658703034375 0.5431036312499999 0.58720618125 0.5519857796875 0.5949840046875 0.6874536531250001 0.69375 0.6786216031250001 0.69375 0.66104366875 0.6869117546875 0.5638526296874999 0.6600869703125001 0.5649726515625
4 0.61875 0.80625 0.176171875 0.2640625
4 0.4734375 0.75 0.18203125 0.37421875
3 0.34296875 0.725 0.138671875 0.282421875
0 0.34375 0.903125 0.124609375 0.07890625
2 0.45703125 0.5078125 0.268359375 0.134765625