4 0.48359375 0.17734375 0.121484375 0.24375
4 0.6046875 0.209375 0.13203125 0.217578125
1 0.50703125 0.37734375 0.0765625 0.144921875
1 0.6648341453125 0.30535741562499996 0.6665916875 0.40604691875 0.59115373125 0.4030116140625 0.594514446875 0.5401042359375 0.6638053921875 0.540097428125 0.666155934375 0.5635389 0.6921875 0.563920015625 0.6921875 0.4761793671875 0.689767634375 0.304051784375 0.6648341453125 0.30535741562499996
5 0.6265625 0.3625 0.08046875 0.0828125
1 0.6676927015625 0.5685370296875 0.6697468718749999 0.5467207578125 0.597740790625 0.54430898125 0.5842310109375 0.6793257374999999 0.6843937609374999 0.6861365421875 0.6943624374999999 0.57162711875 0.6676927015625 0.5685370296875
4 0.61875 0.80625 0.156640625 0.25390625
4 0.4734375 0.75 0.140625 0.3640625
3 0.34296875 0.725 0.141015625 0.282421875
0 0.34375 0.903125 0.124609375 0.07890625
2 0.45703125 0.5078125 0.266796875 0.130078125