4 0.1765625 0.1484375 0.27734375 0.24296875
5 0.390625 0.128125 0.14375 0.19921875
1 0.521875 0.1265625 0.096875 0.20390625
4 0.696875 0.28359375 0.24296875 0.50625
1 0.46484375 0.3453125 0.171875 0.14375
4 0.703125 0.6921875 0.24765625 0.278125
3 0.14921875 0.66796875 0.2046875 0.25078125
4 0.2109375 0.40546875 0.20234375 0.25703125
0 0.07265625 0.4015625 0.0609375 0.25390625
2 0.4359375 0.5296875 0.23203125 0.2078125
5 0.52890625 0.71484375 0.10234375 0.1421875
5 0.334375 0.7203125 0.10703125 0.13203125
2 0.40625 0.88515625 0.10390625 0.17421875
1 0.30078125 0.890625 0.0953125 0.18515625
0 0.90859375 0.2921875 0.13671875 0.44609375