4 0.1765625 0.1484375 0.279296875 0.245703125
5 0.390625 0.128125 0.1609375 0.211328125
1 0.521875 0.1265625 0.11796875 0.211328125
4 0.696875 0.28359375 0.280859375 0.521875
1 0.46484375 0.3453125 0.171875 0.14375
4 0.703125 0.6921875 0.258203125 0.28828125
3 0.14921875 0.66796875 0.22265625 0.265234375
4 0.2109375 0.40546875 0.219140625 0.269921875
0 0.07265625 0.4015625 0.0609375 0.253515625
2 0.4359375 0.5296875 0.250390625 0.2296875
5 0.52890625 0.71484375 0.105078125 0.14453125
5 0.334375 0.7203125 0.107421875 0.132421875
2 0.40625 0.88515625 0.113671875 0.179296875
1 0.30078125 0.890625 0.1015625 0.187109375
0 0.90859375 0.2921875 0.176953125 0.455078125