4 0.1765625 0.1484375 0.291015625 0.258984375
5 0.390625 0.128125 0.153125 0.205859375
1 0.521875 0.1265625 0.11328125 0.209765625
4 0.696875 0.28359375 0.243359375 0.50625
1 0.46484375 0.3453125 0.17265625 0.14453125
4 0.703125 0.6921875 0.251953125 0.28203125
3 0.14921875 0.66796875 0.228125 0.269140625
4 0.2109375 0.40546875 0.212890625 0.265234375
0 0.07265625 0.4015625 0.06484375 0.254296875
2 0.4359375 0.5296875 0.246484375 0.225
5 0.52890625 0.71484375 0.104296875 0.14375
5 0.334375 0.7203125 0.120703125 0.141796875
2 0.40625 0.88515625 0.108984375 0.176953125
1 0.30078125 0.890625 0.11015625 0.191015625
0 0.90625 0.29140625 0.1875 0.4546875