4 0.175 0.334375 0.220703125 0.443359375
4 0.3625 0.2765625 0.210546875 0.331640625
1 0.5265625 0.2265625 0.14140625 0.21484375
4 0.746875 0.29375 0.28828125 0.325390625
3 0.70859375 0.5953125 0.233984375 0.25546875
0 0.8671875 0.59921875 0.076171875 0.24921875
4 0.19765625 0.7390625 0.246484375 0.361328125
1 0.384375 0.82890625 0.149609375 0.1828125
5 0.36796875 0.64921875 0.124609375 0.1640625
2 0.5265625 0.525 0.141796875 0.391015625
2 0.50859375 0.81484375 0.1046875 0.1953125
2 0.365625 0.4984375 0.18671875 0.096875