4 0.175 0.334375 0.18515625 0.43046875
4 0.3625 0.2765625 0.17578125 0.31484375
1 0.5265625 0.2265625 0.13125 0.2078125
4 0.746875 0.29375 0.2890625 0.32578125
3 0.70859375 0.5953125 0.23203125 0.2546875
0 0.8671875 0.59921875 0.07265625 0.2484375
4 0.19765625 0.7390625 0.21328125 0.34296875
1 0.384375 0.82890625 0.14921875 0.1828125
5 0.36796875 0.64921875 0.11328125 0.15625
2 0.5265625 0.525 0.12890625 0.38671875
2 0.50859375 0.81484375 0.0890625 0.1890625
2 0.365625 0.4984375 0.1859375 0.096875