4 0.175 0.334375 0.202734375 0.437890625
4 0.3625 0.2765625 0.191015625 0.323046875
1 0.5265625 0.2265625 0.1359375 0.21171875
4 0.746875 0.29375 0.29375 0.330078125
3 0.70859375 0.5953125 0.257421875 0.2765625
0 0.8671875 0.59921875 0.080078125 0.25
4 0.19765625 0.7390625 0.227734375 0.351953125
1 0.384375 0.82890625 0.167578125 0.196875
5 0.36796875 0.64921875 0.119921875 0.16015625
2 0.5265625 0.525 0.154296875 0.393359375
2 0.50859375 0.81484375 0.1046875 0.1953125
2 0.365625 0.4984375 0.190625 0.10625