4 0.3875 0.253125 0.11015625 0.285546875
4 0.5015625 0.25234375 0.134375 0.2828125
3 0.621875 0.246875 0.147265625 0.28359375
0 0.62265625 0.05703125 0.134765625 0.091796875
2 0.53984375 0.43671875 0.194140625 0.087109375
1 0.53125 0.528125 0.059765625 0.101171875
5 0.53125 0.61875 0.055859375 0.071484375
1 0.36328125 0.44609375 0.059375 0.09609375
1 0.36328125 0.56640625 0.06171875 0.111328125
4 0.38671875 0.75 0.127734375 0.256640625
0 0.3875 0.93203125 0.126171875 0.10703125
4 0.50234375 0.7671875 0.117578125 0.2265625