4 0.3875 0.253125 0.13828125 0.292578125
4 0.5015625 0.25234375 0.1234375 0.27890625
3 0.621875 0.246875 0.142578125 0.2828125
0 0.62265625 0.05703125 0.140234375 0.100390625
2 0.53984375 0.43671875 0.194921875 0.091015625
1 0.53125 0.528125 0.066796875 0.104296875
5 0.53125 0.61875 0.060546875 0.074609375
1 0.36328125 0.44609375 0.0609375 0.096875
1 0.36328125 0.56640625 0.06640625 0.112890625
4 0.38671875 0.75 0.123828125 0.255859375
0 0.3875 0.93203125 0.119140625 0.0984375
4 0.50234375 0.7671875 0.132421875 0.2328125