4 0.75390625 0.828125 0.229296875 0.28125
4 0.31953125 0.825 0.173046875 0.26171875
4 0.29140625 0.5359375 0.29140625 0.321484375
3 0.31484375 0.2296875 0.203125 0.3203125
0 0.19453125 0.22109375 0.075390625 0.29140625
1 0.44765625 0.1265625 0.0875 0.141796875
2 0.446875 0.28984375 0.0921875 0.194921875
1 0.5109375 0.87265625 0.128125 0.159375
5 0.6109375 0.8828125 0.082421875 0.16796875
5 0.41875 0.87578125 0.069921875 0.15078125
2 0.473699853125 0.6890328078125 0.5183214796875 0.38229267031249997 0.4565962078125 0.3749046546875 0.3988853546875 0.775777446875 0.62140986875 0.8049460187499999 0.6361852531250001 0.713036646875 0.473699853125 0.6890328078125