4 0.75390625 0.828125 0.210546875 0.26796875
4 0.31953125 0.825 0.166015625 0.2578125
4 0.29140625 0.5359375 0.2671875 0.301953125
3 0.31484375 0.2296875 0.1859375 0.3125
0 0.19453125 0.22109375 0.097265625 0.29453125
1 0.44765625 0.1265625 0.09765625 0.147265625
2 0.446875 0.28984375 0.1046875 0.200390625
1 0.5109375 0.87265625 0.12890625 0.16015625
5 0.6109375 0.8828125 0.091015625 0.17109375
5 0.41875 0.87578125 0.067578125 0.15
2 0.6559920265625 0.6943869625 0.49180692343750004 0.6989630906250001 0.48248578125 0.3891345609375 0.42041534062499997 0.392577265625 0.43312677656250004 0.7953125 0.47997113281250003 0.7953125 0.657401009375 0.78746574375 0.6559920265625 0.6943869625