4 0.75390625 0.828125 0.20390625 0.2640625
4 0.31953125 0.825 0.16484375 0.2578125
4 0.29140625 0.5359375 0.2578125 0.29296875
3 0.31484375 0.2296875 0.1734375 0.30625
0 0.19453125 0.22109375 0.07109375 0.290625
1 0.44765625 0.1265625 0.084375 0.13984375
2 0.446875 0.28984375 0.090625 0.19453125
1 0.5109375 0.87265625 0.121875 0.1546875
5 0.6109375 0.8828125 0.07578125 0.165625
5 0.41875 0.87578125 0.06328125 0.1484375
2 0.427734375 0.3886510984375 0.42637586875 0.793654421875 0.6507942703125 0.7915697015625 0.6526345484375 0.6984984484375001 0.48838975781249994 0.6973418109375 0.48988715312500003 0.3873767171875 0.427734375 0.3886510984375