0 0.20703125 0.115625 0.149609375 0.1203125
3 0.20546875 0.43046875 0.20625 0.50859375
4 0.40703125 0.28671875 0.27421875 0.46875
2 0.34609375 0.7890625 0.11796875 0.252734375
1 0.503125 0.78359375 0.12109375 0.244140625
1 0.42578125 0.73828125 0.058984375 0.155859375
1 0.57109375 0.19609375 0.1265625 0.262890625
4 0.72890625 0.5359375 0.296484375 0.292578125
4 0.76953125 0.2390625 0.197265625 0.3484375
5 0.64921875 0.196875 0.062890625 0.2484375
2 0.5000759125 0.3139540265625 0.5290661671875 0.5002374515625 0.2935594984375 0.5423905625 0.318395690625 0.6838571078125 0.6109375 0.6383817859375001 0.6109375 0.6304183203125 0.5574108609375 0.30649991718749997 0.5000759125 0.3139540265625