0 0.20703125 0.115625 0.155859375 0.12890625
3 0.20546875 0.43046875 0.20234375 0.50859375
4 0.40703125 0.28671875 0.2671875 0.465625
2 0.34609375 0.7890625 0.10625 0.248828125
1 0.503125 0.78359375 0.10234375 0.238671875
1 0.42578125 0.73828125 0.062890625 0.157421875
1 0.57109375 0.19609375 0.11640625 0.261328125
4 0.72890625 0.5359375 0.298828125 0.294921875
4 0.76953125 0.2390625 0.197265625 0.3484375
5 0.64921875 0.196875 0.081640625 0.24921875
2 0.5032274125 0.3150710234375 0.5289621578125 0.5018320265625 0.292755684375 0.539868559375 0.3150408234375 0.68125 0.3187306125 0.68125 0.609375 0.641251378125 0.609375 0.6390266109375 0.560683721875 0.30861868124999997 0.5032274125 0.3150710234375