4 0.36640625 0.20625 0.11953125 0.20390625
3 0.4890625 0.29296875 0.1203125 0.2203125
0 0.49375 0.1390625 0.11796875 0.07890625
4 0.62421875 0.29609375 0.12890625 0.38984375
1 0.65546875 0.58359375 0.0671875 0.16640625
4 0.62265625 0.8 0.1359375 0.26015625
4 0.4875 0.815625 0.1203125 0.22734375
1 0.46328125 0.63359375 0.08515625 0.1359375
1 0.465625 0.53359375 0.08203125 0.06328125
5 0.3421875 0.3625 0.065625 0.0828125
2 0.43046875 0.45546875 0.24609375 0.08828125
5 0.5828125 0.61484375 0.06953125 0.09453125
5 0.58671875 0.534375 0.0609375 0.05859375