4 0.36640625 0.20625 0.126171875 0.207421875
3 0.4890625 0.29296875 0.128125 0.22421875
0 0.49375 0.1390625 0.121484375 0.083984375
4 0.62421875 0.29609375 0.145703125 0.394140625
1 0.65546875 0.58359375 0.084375 0.171484375
4 0.62265625 0.8 0.1546875 0.268359375
4 0.4875 0.815625 0.13984375 0.236328125
1 0.46328125 0.63359375 0.088671875 0.1375
1 0.465625 0.53359375 0.083203125 0.065234375
5 0.3421875 0.3625 0.065625 0.08203125
2 0.43046875 0.45546875 0.252734375 0.116796875
5 0.5828125 0.61484375 0.080078125 0.101953125
5 0.58671875 0.534375 0.06171875 0.059765625