4 0.36640625 0.20625 0.134765625 0.211328125
3 0.4890625 0.29296875 0.14375 0.23046875
0 0.49375 0.1390625 0.124609375 0.089453125
4 0.62421875 0.29609375 0.135546875 0.391015625
1 0.65546875 0.58359375 0.075 0.169140625
4 0.62265625 0.8 0.1421875 0.262890625
4 0.4875 0.815625 0.13046875 0.233203125
1 0.46328125 0.63359375 0.096484375 0.1421875
1 0.465625 0.53359375 0.081640625 0.063671875
5 0.3421875 0.3625 0.071875 0.08671875
2 0.43046875 0.45546875 0.251171875 0.108984375
5 0.5828125 0.61484375 0.073046875 0.097265625
5 0.58671875 0.534375 0.0640625 0.062109375