3 0.51796875 0.22578125 0.139453125 0.280859375
0 0.5203125 0.05 0.13125 0.083203125
4 0.63125 0.27578125 0.12890625 0.36796875
4 0.5171875 0.734375 0.14453125 0.290625
4 0.4109375 0.2703125 0.12734375 0.259765625
4 0.4046875 0.78515625 0.137109375 0.242578125
1 0.3859375 0.475 0.070703125 0.15625
1 0.38671875 0.61171875 0.07578125 0.121875
2 0.580342259375 0.3569777984375 0.5313136390625 0.35526568125 0.5246092421874999 0.4555768859375 0.41394018906249996 0.446599775 0.412208440625 0.5573097515625001 0.6265017703125 0.5630887765625 0.6274389953124999 0.4566386578125 0.5758290296874999 0.4556613875 0.580342259375 0.3569777984375
1 0.49453125 0.4078125 0.07578125 0.1140625
0 0.51796875 0.909375 0.124609375 0.096484375
5 0.5359375 0.571875 0.07734375 0.044140625