3 0.51796875 0.22578125 0.121484375 0.274609375
0 0.5203125 0.05 0.13046875 0.081640625
4 0.63125 0.27578125 0.15234375 0.371875
4 0.5171875 0.734375 0.121875 0.284375
4 0.4109375 0.2703125 0.13359375 0.262109375
4 0.4046875 0.78515625 0.120703125 0.236328125
1 0.3859375 0.475 0.080859375 0.15859375
1 0.38671875 0.61171875 0.07109375 0.11953125
2 0.57256526875 0.4398990328125 0.548029003125 0.34420790625 0.5006421249999999 0.3569051828125 0.5235588359375 0.45479344062499993 0.4151008421875 0.4785650859375 0.4458132265625 0.584943878125 0.6515625 0.5280576421875 0.6515625 0.5248789031250001 0.6222058500000001 0.42574430625000004 0.57256526875 0.4398990328125
1 0.49453125 0.4078125 0.06796875 0.11015625
0 0.51796875 0.909375 0.124609375 0.096484375
5 0.5359375 0.571875 0.07890625 0.048046875