4 0.48046875 0.7984375 0.1046875 0.24140625
4 0.59609375 0.74296875 0.13125 0.3359375
3 0.54765625 0.4953125 0.138671875 0.179296875
0 0.63671875 0.49375 0.06640625 0.184375
2 0.469044834375 0.592604375 0.501278978125 0.236402846875 0.450133890625 0.23363783124999998 0.4433758734375 0.3475915546875 0.3080446078125 0.3354149421875 0.30253302031249996 0.41562184999999996 0.4363993453125 0.42733363437499994 0.410798153125 0.683247365625 0.4959369515625 0.6921875 0.5085220359375 0.6921875 0.518065103125 0.5951833625 0.469044834375 0.592604375
1 0.40078125 0.47890625 0.075390625 0.119140625
1 0.4 0.2828125 0.078515625 0.1203125
1 0.33203125 0.1328125 0.07890625 0.18125
5 0.39921875 0.1375 0.08359375 0.184765625
0 0.6375 0.1390625 0.05 0.187890625
4 0.52421875 0.13984375 0.1984375 0.205859375
4 0.57265625 0.3140625 0.201171875 0.18515625
5 0.33125 0.28359375 0.07734375 0.130859375