4 0.48046875 0.7984375 0.10625 0.2421875
4 0.59609375 0.74296875 0.1640625 0.3453125
3 0.54765625 0.4953125 0.141796875 0.181640625
0 0.63671875 0.49375 0.05859375 0.18359375
2 0.2885348171875 0.355579515625 0.2970347484375 0.435524978125 0.430901071875 0.4238131921875 0.4501277734375 0.6802846171875 0.5480198578125 0.6734298359374999 0.54047294375 0.5749317953124999 0.49174956718749996 0.5809042671875 0.46164025468750003 0.224516840625 0.4107920359375 0.23067508281250002 0.42392454375 0.3440711109375 0.2885348171875 0.355579515625
1 0.40078125 0.47890625 0.066796875 0.116015625
1 0.4 0.2828125 0.076171875 0.11953125
1 0.33203125 0.1328125 0.07890625 0.18125
5 0.39921875 0.1375 0.08203125 0.184765625
0 0.6375 0.1390625 0.0484375 0.187890625
4 0.52421875 0.13984375 0.1859375 0.193359375
4 0.57265625 0.3140625 0.189453125 0.171875
5 0.33125 0.28359375 0.0796875 0.131640625