1 0.4375 0.078125 0.07265625 0.1234375
2 0.4744273375 0.3508463046875 0.4744273375 0.13458681249999999 0.41143319375000004 0.1371805890625 0.409499440625 0.5661183828125 0.6011914203125001 0.5700683421875 0.599954715625 0.47823207187500005 0.5344084671875 0.4792195453125 0.5344084671875 0.349858834375 0.4744273375 0.3508463046875
1 0.5671875 0.4140625 0.06875 0.13671875
4 0.41259124687500004 0.47816010468750003 0.3260206546875 0.47816010468750003 0.32663900625000003 0.3823739109375 0.23826325937499998 0.3814409921875 0.23883166249999999 0.5877710875 0.40207907656249997 0.5907335390624999 0.4014607234375 0.567033884375 0.4132095984375 0.5660463765625 0.41259124687500004 0.47816010468750003
1 0.3703125 0.4328125 0.08828125 0.10234375
4 0.32109375 0.67109375 0.16484375 0.165625
4 0.623914159375 0.75086511875 0.645661959375 0.7472723234374999 0.645661959375 0.6861954171875 0.598416734375 0.6861954171875 0.5999165640624999 0.568831921875 0.40052675937500004 0.5673251640625 0.404185928125 0.7496675515625 0.381688159375 0.7484698921875 0.38393795937499997 0.7963733609375 0.623914159375 0.79517579375 0.623914159375 0.75086511875
0 0.5046875 0.86796875 0.23984375 0.146875
3 0.66953125 0.459375 0.140625 0.22421875
4 0.7686498312500001 0.566436740625 0.5974149234375 0.5673251640625 0.598416734375 0.6861954171875 0.6366628734375 0.687392984375 0.6366628734375 0.75086511875 0.767899859375 0.7532602578125001 0.7686498312500001 0.566436740625
0 0.26328125 0.11796875 0.0515625 0.20546875
4 0.34609375 0.1171875 0.1171875 0.2046875
4 0.346875 0.3015625 0.128125 0.1734375