1 0.4375 0.078125 0.083984375 0.1296875
2 0.5095444 0.482394265625 0.5342275875 0.355410275 0.4751600625 0.3449346640625 0.51642431875 0.1326484671875 0.45409263906249997 0.12317473906250001 0.370349225 0.5438627609375 0.5507968796875 0.5828125 0.558037015625 0.5828125 0.5740747984375 0.4939317484375 0.5095444 0.482394265625
1 0.5671875 0.4140625 0.0765625 0.140234375
4 0.3914390890625 0.598366178125 0.3933014125 0.5747317171875 0.4050891484375 0.5749777109374999 0.41366080156249996 0.48750825468750003 0.32756445156249997 0.4784591625 0.33819180000000004 0.38326233125 0.25334062031250004 0.3734375 0.250362834375 0.3734375 0.229395621875 0.5783559546875 0.3914390890625 0.598366178125
1 0.3703125 0.4328125 0.094921875 0.108203125
4 0.32109375 0.67109375 0.168359375 0.16953125
4 0.6186510453125 0.5854137515625 0.422552065625 0.5493062078125 0.3944922203125 0.7295138125 0.3725442140625 0.7244276515625 0.366441484375 0.7719940328125 0.6029798625 0.8124860890625 0.6106743296875 0.76884859375 0.6327156140625 0.769086846875 0.6433215078125001 0.7089378359375 0.59679404375 0.7007337890625001 0.6186510453125 0.5854137515625
0 0.5046875 0.86796875 0.250390625 0.16640625
3 0.66953125 0.459375 0.15859375 0.234765625
4 0.596092309375 0.6754083171875 0.6339074203124999 0.681257990625 0.6261721125 0.7442570125 0.744179009375 0.7609375 0.7563534515625 0.7609375 0.778125 0.5893207234375 0.778125 0.5771091125 0.6095846046875 0.557302015625 0.596092309375 0.6754083171875
0 0.26328125 0.11796875 0.06015625 0.206640625
4 0.34609375 0.1171875 0.13671875 0.21328125
4 0.346875 0.3015625 0.1375 0.1796875