1 0.4375 0.078125 0.076953125 0.1265625
2 0.599831396875 0.4782159 0.5342851484375 0.47920337343749997 0.5342851484375 0.3498426625 0.47430401875 0.3508301328125 0.47430401875 0.134570640625 0.411309875 0.13716441562499998 0.409376121875 0.566102209375 0.537873653125 0.56875 0.6 0.56875 0.6 0.490736175 0.599831396875 0.4782159
1 0.5671875 0.4140625 0.08515625 0.143359375
4 0.22623417968749998 0.5749375015625 0.3874805875 0.6005907703125 0.39016660625 0.5770357015625 0.4019385765625 0.57769293125 0.4135576484375 0.49057590468749995 0.32782955468749997 0.47852760781250003 0.34177274999999996 0.38375965624999997 0.2543869078125 0.3705362890625 0.22623417968749998 0.5749375015625
1 0.3703125 0.4328125 0.096484375 0.109765625
4 0.32109375 0.67109375 0.170703125 0.171875
4 0.63695670625 0.724031934375 0.6573389078125 0.7156390312500001 0.6435995937500001 0.656127521875 0.5975652609375001 0.6667553859375001 0.5726256078125 0.5520625203125 0.3780072046875 0.595447328125 0.4225907015625 0.7722931578125001 0.400400134375 0.776187090625 0.4132329078125 0.821875 0.4154081875 0.821875 0.6469244390625 0.7672069296874999 0.63695670625 0.724031934375
0 0.5046875 0.86796875 0.250390625 0.16640625
3 0.66953125 0.459375 0.15703125 0.233984375
4 0.5947728953125 0.663157171875 0.631405875 0.6742127625000001 0.6149780781249999 0.7355221359375 0.7359433859375 0.7703125 0.741528971875 0.7703125 0.7890625 0.5957214359375 0.7890625 0.5912399328125 0.62457110625 0.5480780359375 0.5947728953125 0.663157171875
0 0.26328125 0.11796875 0.071875 0.207421875
4 0.34609375 0.1171875 0.11875 0.2046875
4 0.346875 0.3015625 0.14296875 0.1828125