0 0.2390625 0.35390625 0.0765625 0.28359375
3 0.33828125 0.35703125 0.148046875 0.288671875
4 0.71328125 0.35078125 0.137890625 0.274609375
2 0.5250283203125 0.48824904374999994 0.47636330156250006 0.21839759062500003 0.4889667984375 0.21617525468749998 0.461564909375 0.079196621875 0.39959794843749996 0.09012306875000001 0.42159728750000003 0.2295237953125 0.44997675781249996 0.3942602171875 0.40796526875000005 0.4016679765625 0.4407928375 0.587842365625 0.6292530703125 0.5511530734375001 0.660571471875 0.741052175 0.703125 0.7335488406249999 0.703125 0.71863075625 0.6582517343750001 0.469946396875 0.5250283203125 0.48824904374999994
1 0.60546875 0.28125 0.0859375 0.132421875
1 0.5375 0.434375 0.069140625 0.113671875
5 0.60546875 0.4140625 0.090625 0.153125
5 0.540625 0.29921875 0.0578125 0.173046875
4 0.71328125 0.58828125 0.149609375 0.2125
4 0.71015625 0.8 0.143359375 0.228515625
4 0.3328125 0.69140625 0.196875 0.421484375
4 0.40391931562499994 0.8875397218750001 0.5497913249999999 0.8960328328125 0.556930184375 0.7633641765625 0.6049241125 0.7650129890625 0.609375 0.7138268875 0.609375 0.7021141453124999 0.4174143984375 0.680941715625 0.40391931562499994 0.8875397218750001
5 0.5984375 0.82421875 0.09921875 0.149609375
1 0.46875 0.6296875 0.122265625 0.142578125
1 0.56484375 0.63203125 0.090234375 0.136328125
1 0.43359375 0.30234375 0.062890625 0.16796875