0 0.2390625 0.35390625 0.0859375 0.2828125
3 0.33828125 0.35703125 0.152734375 0.291015625
4 0.71328125 0.35078125 0.164453125 0.285546875
2 0.5174239359375 0.487385696875 0.49723266875 0.2139256375 0.50999941875 0.21303290000000003 0.4970658078125 0.073940371875 0.43429618281250004 0.0783296515625 0.4416036640625 0.219266284375 0.452608021875 0.3860667265625 0.41005235625 0.3890425078125 0.42323956875 0.5776284296875 0.6145024718750001 0.560839584375 0.625799446875 0.7529720625 0.6703125 0.7498594078124999 0.6703125 0.733078696875 0.6518306875000001 0.4831089515625 0.5174239359375 0.487385696875
1 0.60546875 0.28125 0.0796875 0.129296875
1 0.5375 0.434375 0.062109375 0.110546875
5 0.60546875 0.4140625 0.09140625 0.153125
5 0.540625 0.29921875 0.059375 0.173828125
4 0.71328125 0.58828125 0.141015625 0.2078125
4 0.71015625 0.8 0.154296875 0.233984375
4 0.3328125 0.69140625 0.165625 0.411328125
4 0.551335678125 0.7550455890625 0.5988867828125 0.7483352937500001 0.5933605843749999 0.6855535359375 0.39962694062500004 0.6981019734375 0.42212667968749995 0.903125 0.428881725 0.903125 0.56734294375 0.886938359375 0.551335678125 0.7550455890625
5 0.5984375 0.82421875 0.10078125 0.150390625
1 0.46875 0.6296875 0.126953125 0.145703125
1 0.56484375 0.63203125 0.079296875 0.130078125
1 0.43359375 0.30234375 0.062890625 0.16796875