2 0.59682770625 0.0643233828125 0.517955534375 0.067077659375 0.52419246875 0.21512165468750002 0.3931708828125 0.2109201375 0.39743310468750004 0.343951765625 0.5093462953125 0.3400436703125 0.5133921453125 0.48646007812500003 0.32485739062499996 0.4964521875 0.327203759375 0.59375 0.36905416562500004 0.59375 0.612884021875 0.5852352734374999 0.59682770625 0.0643233828125
1 0.465625 0.13828125 0.13828125 0.1640625
4 0.72265625 0.20234375 0.25234375 0.29140625
3 0.6953125 0.471875 0.191015625 0.262109375
0 0.81328125 0.4703125 0.0796875 0.25703125
4 0.6375 0.71640625 0.294921875 0.28046875
4 0.41015625 0.7421875 0.18984375 0.307421875
4 0.2328125 0.696875 0.19609375 0.416015625
1 0.21484375 0.4125 0.14453125 0.1515625
1 0.3453125 0.41640625 0.13984375 0.162890625
5 0.45859375 0.4171875 0.121484375 0.159765625