2 0.49140625 0.59140625 0.126953125 0.11171875
1 0.4671875 0.48671875 0.08515625 0.0984375
1 0.465625 0.3859375 0.080859375 0.096875
1 0.60625 0.59609375 0.11171875 0.10390625
5 0.6046875 0.4859375 0.108203125 0.1125
4 0.60546875 0.28203125 0.141796875 0.315625
0 0.60546875 0.084375 0.11171875 0.0921875
0 0.39609375 0.92265625 0.106640625 0.078125
3 0.39765625 0.7671875 0.13671875 0.240234375
4 0.55703125 0.79453125 0.2328125 0.30390625
4 0.49609375 0.1734375 0.10703125 0.31328125
2 0.38203125 0.55 0.091015625 0.180859375
2 0.528125 0.4359375 0.062109375 0.2046875