2 0.49140625 0.59140625 0.129296875 0.1140625
1 0.4671875 0.48671875 0.08203125 0.0953125
1 0.465625 0.3859375 0.081640625 0.096875
1 0.60625 0.59609375 0.1078125 0.1
5 0.6046875 0.4859375 0.114453125 0.11796875
4 0.60546875 0.28203125 0.131640625 0.31328125
0 0.60546875 0.084375 0.10859375 0.08671875
0 0.39609375 0.92265625 0.108984375 0.08125
3 0.39765625 0.7671875 0.1328125 0.239453125
4 0.55703125 0.79453125 0.22890625 0.3015625
4 0.49609375 0.1734375 0.11484375 0.315625
2 0.38203125 0.55 0.101171875 0.185546875
2 0.528125 0.4359375 0.063671875 0.2046875