2 0.49140625 0.59140625 0.11953125 0.103125
1 0.4671875 0.48671875 0.08125 0.0953125
1 0.465625 0.3859375 0.08046875 0.096875
1 0.60625 0.59609375 0.10625 0.0984375
5 0.6046875 0.4859375 0.10546875 0.1109375
4 0.60546875 0.28203125 0.11171875 0.3078125
0 0.60546875 0.084375 0.1046875 0.0828125
0 0.39609375 0.92265625 0.10390625 0.075
3 0.39765625 0.7671875 0.1140625 0.23203125
4 0.55703125 0.79453125 0.2015625 0.284375
4 0.49609375 0.1734375 0.1046875 0.3125
2 0.38203125 0.55 0.08984375 0.18046875
2 0.528125 0.4359375 0.04296875 0.203125