4 0.28046875 0.1765625 0.2984375 0.268359375
3 0.23984375 0.45234375 0.2375 0.31484375
2 0.566535853125 0.4772347578125 0.5249618046875 0.3014752953125 0.48831721874999995 0.3130573546875 0.45585143281249996 0.1754109296875 0.37108690625 0.1928338953125 0.41179393124999997 0.32827211875 0.327321596875 0.3509064125 0.3593514671875 0.4745640546875 0.4404410578125 0.44754657499999995 0.4826044484375 0.6213849546875 0.7203125 0.5576912734375 0.7203125 0.5525445546875 0.69118396875 0.44383539687500007 0.566535853125 0.4772347578125
1 0.38515625 0.5203125 0.097265625 0.1890625
1 0.5171875 0.83203125 0.174609375 0.1703125
1 0.60546875 0.3984375 0.13984375 0.190234375
5 0.55546875 0.246875 0.10234375 0.140625
4 0.77109375 0.459375 0.232421875 0.326171875
4 0.7390625 0.759375 0.295703125 0.316015625
4 0.3234375 0.7640625 0.263671875 0.329296875
0 0.16875 0.7640625 0.1078125 0.312890625
5 0.553125 0.67890625 0.107421875 0.15625