4 0.28046875 0.1765625 0.296875 0.26640625
3 0.23984375 0.45234375 0.215625 0.3
2 0.42281263124999996 0.6077223703125 0.6702381843749999 0.6077223703125 0.6702381843749999 0.49020701874999995 0.541192959375 0.49020701874999995 0.5465254078124999 0.30967625781249997 0.5081317984375 0.31137935156249996 0.5123977734375 0.1700203515625 0.4260121328125 0.1649109703125 0.43027810781250003 0.3062700015625 0.3428259125 0.3062700015625 0.3417594390625 0.4340040515625 0.42707860625 0.42889470156250004 0.42281263124999996 0.6077223703125
1 0.38515625 0.5203125 0.08515625 0.184375
1 0.5171875 0.83203125 0.16640625 0.1609375
1 0.60546875 0.3984375 0.13125 0.18359375
5 0.55546875 0.246875 0.096875 0.1359375
4 0.77109375 0.459375 0.20546875 0.31015625
4 0.7390625 0.759375 0.27421875 0.29609375
4 0.3234375 0.7640625 0.23671875 0.31015625
0 0.16875 0.7640625 0.0703125 0.31015625
5 0.553125 0.67890625 0.10234375 0.153125