4 0.28046875 0.1765625 0.3078125 0.277734375
3 0.23984375 0.45234375 0.23046875 0.31015625
2 0.533637675 0.49199034375000006 0.5515503234375 0.3122713203125 0.5131314375 0.3112920625 0.527247725 0.1705749859375 0.441428928125 0.1594520921875 0.4358238046875 0.300764359375 0.3485846375 0.29466400312499996 0.3386104859375 0.42201250625000003 0.42407822968750003 0.42286716562500004 0.40734825937499997 0.600961640625 0.6393888546875 0.6171875 0.6542433765625 0.6171875 0.662368553125 0.500992084375 0.533637675 0.49199034375000006
1 0.38515625 0.5203125 0.098828125 0.18984375
1 0.5171875 0.83203125 0.170703125 0.16640625
1 0.60546875 0.3984375 0.1375 0.187890625
5 0.55546875 0.246875 0.109375 0.14453125
4 0.77109375 0.459375 0.215234375 0.316015625
4 0.7390625 0.759375 0.279296875 0.301171875
4 0.3234375 0.7640625 0.237109375 0.309765625
0 0.16875 0.7640625 0.07421875 0.310546875
5 0.553125 0.67890625 0.115234375 0.16015625