4 0.2578125 0.21484375 0.26328125 0.290625
4 0.2828125 0.75546875 0.324609375 0.333984375
0 0.86796875 0.21328125 0.078515625 0.269921875
3 0.2578125 0.4765625 0.27109375 0.278125
2 0.5218782 0.4935287453125 0.48666899375000006 0.2353387234375 0.34913759375 0.25294766874999997 0.40057279687499997 0.6189281640625001 0.587396353125 0.5995512171875 0.5893346421875 0.6439951609375 0.6640625 0.6355319749999999 0.6640625 0.6311725390625 0.639343484375 0.4787399109375 0.5218782 0.4935287453125
1 0.571875 0.4203125 0.1234375 0.16328125
4 0.6298318953125001 0.231721696875 0.5122865546875001 0.20555979687499998 0.49308134218750005 0.3092399296875 0.618780721875 0.33887845781250003 0.8078717953125001 0.37216403124999997 0.8578125 0.12608440625 0.8578125 0.11813836562499999 0.660776146875 0.0781169734375 0.6298318953125001 0.231721696875
1 0.565625 0.16484375 0.14296875 0.156640625
1 0.4375 0.15859375 0.125 0.1671875
5 0.678125 0.41796875 0.1046875 0.165234375
5 0.678125 0.57890625 0.103125 0.16171875