4 0.2578125 0.21484375 0.25078125 0.27890625
4 0.2828125 0.75546875 0.330859375 0.340234375
0 0.86796875 0.21328125 0.089453125 0.269921875
3 0.2578125 0.4765625 0.26015625 0.26796875
2 0.525268734375 0.492344 0.472134871875 0.2372389875 0.336166828125 0.26439874375 0.4130062484375 0.6258997890625 0.59802304375 0.5935378906250001 0.6030568640625 0.6377383640625001 0.6765625 0.624166096875 0.6765625 0.6191134515625001 0.6414162640625001 0.469397225 0.525268734375 0.492344
1 0.571875 0.4203125 0.1359375 0.17109375
4 0.6287877109375 0.22848602499999998 0.5133536671875001 0.194188303125 0.48696287656250004 0.2962761890625 0.6102885796875 0.33461086406249996 0.7965971515625 0.381005684375 0.8640625 0.1372727359375 0.8640625 0.1310621046875 0.6703715078125 0.0774140359375 0.6287877109375 0.22848602499999998
1 0.565625 0.16484375 0.14140625 0.155078125
1 0.4375 0.15859375 0.13046875 0.1703125
5 0.678125 0.41796875 0.096875 0.161328125
5 0.678125 0.57890625 0.10078125 0.16015625