4 0.69140625 0.28046875 0.208203125 0.448828125
4 0.384375 0.225 0.16953125 0.198046875
4 0.3828125 0.22578125 0.19375 0.217578125
4 0.33203125 0.84140625 0.196484375 0.202734375
4 0.30546875 0.63203125 0.157421875 0.2328125
4 0.303125 0.41796875 0.148828125 0.21640625
3 0.4661558875 0.38452310624999997 0.60144149375 0.4028500390625 0.62879763125 0.1625496078125 0.48117089375 0.140768640625 0.4560271328125 0.3094953 0.47613941249999997 0.311964778125 0.4661558875 0.38452310624999997
0 0.53828125 0.11328125 0.15234375 0.094140625
2 0.47395647187499995 0.7416283531250001 0.5199659328124999 0.7451340656250001 0.5070246015625 0.49677883281249996 0.556053221875 0.495066715625 0.5608042875 0.6005586625 0.6238839656249999 0.5919091390625 0.6098639968749999 0.3858256125 0.47550874375 0.3888132046875 0.47224371249999997 0.325873334375 0.36252160624999996 0.3314091125 0.36578663906250003 0.39434898125 0.435125671875 0.393631740625 0.439579546875 0.4906132703125 0.46746968593749993 0.49475191875 0.47395647187499995 0.7416283531250001
1 0.41953125 0.5609375 0.097265625 0.151953125
1 0.40546875 0.43984375 0.078125 0.109765625
1 0.54609375 0.828125 0.091015625 0.16328125
5 0.47109375 0.86328125 0.08671875 0.095703125
5 0.6578125 0.5515625 0.092578125 0.11328125
1 0.5328125 0.53515625 0.050390625 0.07421875
1 0.534375 0.69765625 0.0546875 0.11875
5 0.41953125 0.728125 0.1 0.04453125