4 0.69140625 0.28046875 0.191015625 0.445703125
4 0.384375 0.225 0.18203125 0.208984375
4 0.3828125 0.22578125 0.17109375 0.198828125
4 0.33203125 0.84140625 0.201171875 0.207421875
4 0.30546875 0.63203125 0.158984375 0.23359375
4 0.303125 0.41796875 0.144140625 0.21328125
3 0.4904729109375 0.137050409375 0.45362062343750004 0.30361211875 0.473511646875 0.30747854218750004 0.458491028125 0.37916370625 0.589115784375 0.40625 0.59228593125 0.40625 0.636220675 0.1690762390625 0.4904729109375 0.137050409375
0 0.53828125 0.11328125 0.15546875 0.100390625
2 0.5173180328125 0.7416087640625 0.5630509546875 0.7354719640625 0.4987564671875 0.4952345421875 0.546357725 0.483366215625 0.5729379765625 0.585565109375 0.6328408765625 0.56398959375 0.576280103125 0.365324403125 0.445481990625 0.3961807375 0.4292023734375 0.33529509218750003 0.3230289109375 0.363522409375 0.33930852968749997 0.42440805312499996 0.40698321562500006 0.409290090625 0.43150335625 0.503226328125 0.45964450156250003 0.5014758500000001 0.5173180328125 0.7416087640625
1 0.41953125 0.5609375 0.108203125 0.157421875
1 0.40546875 0.43984375 0.07734375 0.109765625
1 0.54609375 0.828125 0.091015625 0.16328125
5 0.47109375 0.86328125 0.0859375 0.094921875
5 0.6578125 0.5515625 0.086328125 0.1078125
1 0.5328125 0.53515625 0.056640625 0.07734375
1 0.534375 0.69765625 0.06328125 0.12109375
5 0.41953125 0.728125 0.10390625 0.0546875