0 0.79921875 0.29609375 0.085546875 0.208203125
4 0.315625 0.734375 0.208203125 0.223828125
1 0.45703125 0.6859375 0.09453125 0.143359375
1 0.44453125 0.4671875 0.09609375 0.150390625
1 0.58125 0.26796875 0.064453125 0.138671875
4 0.3046875 0.503125 0.20625 0.24296875
4 0.5921875 0.73203125 0.192578125 0.2453125
4 0.6953125 0.509375 0.2734375 0.21796875
3 0.6875 0.28515625 0.16640625 0.20625
2 0.50703125 0.2875 0.096484375 0.185546875
2 0.521875 0.49453125 0.06875 0.224609375
2 0.44375 0.57734375 0.09140625 0.066796875
5 0.46015625 0.79765625 0.0796875 0.086328125