0 0.79921875 0.29609375 0.06328125 0.20390625
4 0.315625 0.734375 0.19921875 0.21640625
1 0.45703125 0.6859375 0.08125 0.13671875
1 0.44453125 0.4671875 0.090625 0.14765625
1 0.58125 0.26796875 0.05078125 0.13515625
4 0.3046875 0.503125 0.1828125 0.2265625
4 0.5921875 0.73203125 0.17265625 0.23125
4 0.6953125 0.509375 0.271875 0.215625
3 0.6875 0.28515625 0.1515625 0.1953125
2 0.50703125 0.2875 0.09140625 0.18359375
2 0.521875 0.49453125 0.059375 0.22265625
2 0.44375 0.57734375 0.0875 0.06015625
5 0.46015625 0.79765625 0.0796875 0.08671875