0 0.79921875 0.29609375 0.070703125 0.205859375
4 0.315625 0.734375 0.223828125 0.237890625
1 0.45703125 0.6859375 0.0875 0.140234375
1 0.44453125 0.4671875 0.09609375 0.150390625
1 0.58125 0.26796875 0.054296875 0.137109375
4 0.3046875 0.503125 0.20625 0.24296875
4 0.5921875 0.73203125 0.177734375 0.23515625
4 0.6953125 0.509375 0.28203125 0.22890625
3 0.6875 0.28515625 0.16171875 0.203125
2 0.50703125 0.2875 0.093359375 0.184765625
2 0.521875 0.49453125 0.07265625 0.225390625
2 0.44375 0.57734375 0.09296875 0.069140625
5 0.46015625 0.79765625 0.08671875 0.092578125