4 0.4125 0.25625 0.107421875 0.2765625
5 0.384375 0.4453125 0.060546875 0.118359375
1 0.434375 0.4484375 0.0609375 0.11953125
4 0.41171875 0.65546875 0.119921875 0.306640625
0 0.44453125 0.85 0.173046875 0.101953125
3 0.47306071562499996 0.813260971875 0.5361274093749999 0.8079419328125 0.6122606921875 0.7636482203125 0.576697021875 0.6421712609375 0.4535603734375 0.662636590625 0.47306071562499996 0.813260971875
4 0.5109375 0.22578125 0.118359375 0.21640625
2 0.5373568609375 0.5589718328125 0.5455973046875 0.5259212203125 0.4975839984375 0.515705525 0.5449665796875001 0.3256643703125 0.4998469296875 0.31265954375 0.43045442031250003 0.62183639375 0.5998140796875 0.6640625 0.6023786624999999 0.6640625 0.6231457171875 0.578132528125 0.5373568609375 0.5589718328125
1 0.5328125 0.47890625 0.05546875 0.1125
1 0.5328125 0.37578125 0.056640625 0.09375
5 0.6534664203125 0.763426603125 0.6497553593750001 0.644234809375 0.5997387390625 0.6448568156250001 0.5959413109375 0.7742603921875 0.6534664203125 0.763426603125