4 0.4125 0.25625 0.116015625 0.27890625
5 0.384375 0.4453125 0.055859375 0.116796875
1 0.434375 0.4484375 0.05625 0.11796875
4 0.41171875 0.65546875 0.109765625 0.304296875
0 0.44453125 0.85 0.172265625 0.100390625
3 0.44427622343750006 0.7838039796875 0.5044077359375 0.8035498984375 0.591795725 0.7925249640625001 0.6065240234375 0.6668090015625 0.48517970000000005 0.6375341140625 0.44427622343750006 0.7838039796875
4 0.5109375 0.22578125 0.108203125 0.21328125
2 0.5535666703125 0.560307809375 0.554161140625 0.5262505843749999 0.50508038125 0.5270973609375 0.5084985921875 0.3312681859375 0.46160990625 0.32874638749999996 0.4635455796875 0.645608971875 0.6255918265625 0.6484375 0.640558546875 0.6484375 0.64146698125 0.5596791234375 0.5535666703125 0.560307809375
1 0.5328125 0.47890625 0.0640625 0.11484375
1 0.5328125 0.37578125 0.056640625 0.09375
5 0.6506276234375 0.7648019109375 0.6531596656249999 0.6455792437500001 0.6031790359375 0.6435827296875 0.592614353125 0.7726102218750001 0.6506276234375 0.7648019109375