4 0.4125 0.25625 0.10078125 0.2734375
5 0.384375 0.4453125 0.05078125 0.11484375
1 0.434375 0.4484375 0.0515625 0.1171875
4 0.41171875 0.65546875 0.10234375 0.30234375
0 0.44453125 0.85 0.16953125 0.09609375
3 0.5209297234375 0.8069874312499999 0.6041158624999999 0.7780344343750001 0.59238449375 0.65200348125 0.46760524375 0.6485972249999999 0.458006821875 0.800175053125 0.5209297234375 0.8069874312499999
4 0.5109375 0.22578125 0.09921875 0.209375
2 0.4665386890625 0.6468942609375 0.6435759453125 0.6468942609375 0.642933309375 0.5578723421875 0.5550573578125 0.5600350046875 0.5550573578125 0.5259725921875 0.5059988515625 0.5276758171875 0.5059988515625 0.3318168125 0.4590732953125 0.33011371718750004 0.4665386890625 0.6468942609375
1 0.5328125 0.47890625 0.0515625 0.1109375
1 0.5328125 0.37578125 0.05390625 0.0921875
5 0.6606398421875 0.7593001312500001 0.64037660625 0.6417847828125 0.590933309375 0.6493617046875 0.6051823359374999 0.7780344343750001 0.6606398421875 0.7593001312500001