4 0.54105628125 0.06957833125 0.56501151875 0.20543523281249998 0.38662029531250003 0.2310162875 0.403778871875 0.32898157031249997 0.7796875 0.26442631250000004 0.7796875 0.2620879359375 0.7400194375 0.031036923437500002 0.54105628125 0.06957833125
1 0.43984375 0.128125 0.126171875 0.15390625
0 0.7265625 0.4140625 0.06875 0.23125
4 0.5703125 0.71875 0.38203125 0.39375
3 0.2921875 0.66171875 0.205859375 0.2953125
1 0.2484375 0.43203125 0.11796875 0.19609375
5 0.25078125 0.28828125 0.090625 0.1078125
0 0.29140625 0.85625 0.194140625 0.13203125
4 0.58046875 0.41796875 0.238671875 0.239453125
5 0.52890625 0.128125 0.08046875 0.1484375
2 0.3624531515625 0.298714903125 0.368615890625 0.3425650734375 0.285765184375 0.35076931718750004 0.3090150546875 0.5315265984375 0.4859375 0.510082521875 0.4859375 0.5034627671874999 0.4542267640625 0.2926964203125 0.3624531515625 0.298714903125
2 0.33671875 0.28125 0.09453125 0.12578125