4 0.535262021875 0.0713290609375 0.5662946296875 0.20574605468749999 0.3894866953125 0.2406283265625 0.4117488625 0.337561340625 0.7828125 0.253636165625 0.7828125 0.2474203109375 0.7319354046875 0.022427545312499998 0.535262021875 0.0713290609375
1 0.43984375 0.128125 0.124609375 0.153125
0 0.7265625 0.4140625 0.09375 0.2359375
4 0.5703125 0.71875 0.39765625 0.40859375
3 0.2921875 0.66171875 0.214453125 0.3
1 0.2484375 0.43203125 0.10234375 0.190625
5 0.25078125 0.28828125 0.09765625 0.11328125
0 0.29140625 0.85625 0.196484375 0.1359375
4 0.58046875 0.41796875 0.247265625 0.248046875
5 0.52890625 0.128125 0.07734375 0.14765625
2 0.4699929765625 0.3038600734375 0.3782748875 0.297047565625 0.3782748875 0.3413286765625 0.29508866718750004 0.3379224875 0.2929557203125 0.5201564078125 0.46554565625000005 0.5234375 0.471875 0.5234375 0.471875 0.497716425 0.4699929765625 0.3038600734375
2 0.33671875 0.28125 0.08359375 0.11875