4 0.62421875 0.2296875 0.17421875 0.3203125
5 0.625 0.4234375 0.15625 0.107421875
2 0.63125 0.5265625 0.068359375 0.0984375
2 0.48515625 0.5203125 0.229296875 0.1203125
1 0.3375 0.47578125 0.086328125 0.13984375
1 0.3421875 0.6171875 0.080859375 0.143359375
4 0.37109375 0.79765625 0.162109375 0.23203125
4 0.3734375 0.28359375 0.1375 0.2734375
0 0.36875 0.109375 0.13359375 0.0796875
3 0.4984375 0.27265625 0.1234375 0.25
0 0.49765625 0.1125 0.12109375 0.087109375
1 0.46640625 0.42265625 0.062890625 0.095703125