4 0.62421875 0.2296875 0.15625 0.31484375
5 0.625 0.4234375 0.15 0.094921875
2 0.63125 0.5265625 0.076171875 0.103125
2 0.48515625 0.5203125 0.227734375 0.11484375
1 0.3375 0.47578125 0.090234375 0.14140625
1 0.3421875 0.6171875 0.091796875 0.148046875
4 0.37109375 0.79765625 0.151953125 0.22734375
4 0.3734375 0.28359375 0.16015625 0.2828125
0 0.36875 0.109375 0.13671875 0.084375
3 0.4984375 0.27265625 0.1453125 0.25703125
0 0.49765625 0.1125 0.12421875 0.091796875
1 0.46640625 0.42265625 0.066015625 0.097265625