1 0.34921875 0.09296875 0.101953125 0.13125
1 0.41328125 0.225 0.083984375 0.15
5 0.3359375 0.23046875 0.086328125 0.15078125
2 0.37734375 0.3453125 0.1609375 0.103515625
5 0.42578125 0.08984375 0.064453125 0.12578125
4 0.55390625 0.12421875 0.221875 0.218359375
0 0.68515625 0.11953125 0.065625 0.197265625
4 0.609375 0.30390625 0.22421875 0.19140625
3 0.6078125 0.48984375 0.22109375 0.212109375
4 0.63828125 0.7765625 0.1703125 0.37890625
4 0.5078125 0.82265625 0.11484375 0.284765625
1 0.41328125 0.453125 0.0828125 0.128515625
2 0.4765625 0.453125 0.0640625 0.45625