1 0.34921875 0.09296875 0.101171875 0.13046875
1 0.41328125 0.225 0.083984375 0.15
5 0.3359375 0.23046875 0.079296875 0.1484375
2 0.37734375 0.3453125 0.15859375 0.098828125
5 0.42578125 0.08984375 0.061328125 0.12421875
4 0.55390625 0.12421875 0.209375 0.205859375
0 0.68515625 0.11953125 0.0703125 0.198046875
4 0.609375 0.30390625 0.2265625 0.19453125
3 0.6078125 0.48984375 0.2125 0.201953125
4 0.63828125 0.7765625 0.1640625 0.37734375
4 0.5078125 0.82265625 0.1421875 0.291796875
1 0.41328125 0.453125 0.08515625 0.130078125
2 0.4765625 0.453125 0.06796875 0.45625