4 0.353125 0.25 0.16953125 0.35859375
3 0.496875 0.29375 0.11875 0.2765625
0 0.4984375 0.11484375 0.11953125 0.08359375
4 0.640625 0.1671875 0.171875 0.196875
4 0.66484375 0.47109375 0.12421875 0.21640625
1 0.66328125 0.31875 0.12734375 0.096875
5 0.6015625 0.64453125 0.090625 0.134375
1 0.684375 0.64375 0.084375 0.1328125
4 0.6421875 0.809375 0.175 0.1953125
2 0.3046875 0.4734375 0.07578125 0.0984375
2 0.47265625 0.46875 0.2625 0.08984375
1 0.5296875 0.55234375 0.0640625 0.0734375
1 0.465625 0.553125 0.06640625 0.075
5 0.38203125 0.56015625 0.10703125 0.08125