4 0.353125 0.25 0.206640625 0.373046875
3 0.496875 0.29375 0.134375 0.28125
0 0.4984375 0.11484375 0.126171875 0.094140625
4 0.640625 0.1671875 0.178125 0.20234375
4 0.66484375 0.47109375 0.123828125 0.216796875
1 0.66328125 0.31875 0.135546875 0.10859375
5 0.6015625 0.64453125 0.10390625 0.1421875
1 0.684375 0.64375 0.09140625 0.1359375
4 0.6421875 0.809375 0.1796875 0.1984375
2 0.3046875 0.4734375 0.083203125 0.103125
2 0.47265625 0.46875 0.26640625 0.103515625
1 0.5296875 0.55234375 0.0671875 0.075
1 0.465625 0.553125 0.069140625 0.078125
5 0.38203125 0.56015625 0.114453125 0.09140625