4 0.353125 0.25 0.192578125 0.368359375
3 0.496875 0.29375 0.1234375 0.27734375
0 0.4984375 0.11484375 0.125390625 0.093359375
4 0.640625 0.1671875 0.1828125 0.20625
4 0.66484375 0.47109375 0.125390625 0.217578125
1 0.66328125 0.31875 0.137109375 0.1109375
5 0.6015625 0.64453125 0.1 0.140625
1 0.684375 0.64375 0.08984375 0.13515625
4 0.6421875 0.809375 0.178125 0.196875
2 0.3046875 0.4734375 0.079296875 0.1
2 0.47265625 0.46875 0.26640625 0.105859375
1 0.5296875 0.55234375 0.0671875 0.075
1 0.465625 0.553125 0.067578125 0.0765625
5 0.38203125 0.56015625 0.114453125 0.09140625