4 0.3796875 0.25859375 0.1828125 0.3625
3 0.5171875 0.26796875 0.13359375 0.22578125
0 0.51953125 0.1203125 0.121484375 0.087109375
2 0.403125 0.48203125 0.1140625 0.11015625
2 0.5203125 0.4578125 0.121875 0.161328125
4 0.63515625 0.1859375 0.121484375 0.201953125
2 0.603125 0.48203125 0.056640625 0.389453125
1 0.65859375 0.44140625 0.0796875 0.128515625
5 0.6578125 0.328125 0.062890625 0.087890625
1 0.6609375 0.58984375 0.076953125 0.120703125
4 0.51796875 0.7484375 0.13203125 0.31640625
1 0.496875 0.5671875 0.0890625 0.071484375
4 0.63515625 0.79296875 0.139453125 0.246484375