4 0.3796875 0.25859375 0.20234375 0.36875
3 0.5171875 0.26796875 0.1421875 0.2296875
0 0.51953125 0.1203125 0.123828125 0.091015625
2 0.403125 0.48203125 0.115625 0.11171875
2 0.5203125 0.4578125 0.128125 0.165234375
4 0.63515625 0.1859375 0.116796875 0.199609375
2 0.603125 0.48203125 0.073046875 0.389453125
1 0.65859375 0.44140625 0.07734375 0.127734375
5 0.6578125 0.328125 0.066015625 0.090234375
1 0.6609375 0.58984375 0.076171875 0.119921875
4 0.51796875 0.7484375 0.1546875 0.321875
1 0.496875 0.5671875 0.090625 0.073828125
4 0.63515625 0.79296875 0.128515625 0.243359375