4 0.41484375 0.2328125 0.281640625 0.283984375
0 0.4046875 0.0703125 0.220703125 0.072265625
0 0.2451098875 0.1993903265625 0.2676293609375 0.5077344375 0.3086928625 0.4959517328125 0.2804641359375 0.1898098546875 0.2451098875 0.1993903265625
0 0.3573112796875 0.689520675 0.3729713796875 0.8660643671875 0.41004674531249996 0.85418614375 0.397058390625 0.6694867343750001 0.3573112796875 0.689520675
3 0.62265625 0.221875 0.173046875 0.273046875
1 0.65390625 0.503125 0.098046875 0.2
1 0.6078125 0.8609375 0.129296875 0.1328125
4 0.49140625 0.75703125 0.148046875 0.32890625
4 0.44296875 0.48203125 0.242578125 0.22890625
2 0.58828125 0.4796875 0.076953125 0.255078125
2 0.62890625 0.6953125 0.144140625 0.18359375