4 0.41484375 0.2328125 0.281640625 0.283984375
0 0.4046875 0.0703125 0.221484375 0.075390625
0 0.25566201093749996 0.19758950625 0.25661763125000003 0.5067533859375 0.2984030234375 0.497863828125 0.2915984375 0.1904985609375 0.25566201093749996 0.19758950625
0 0.3466785328125 0.6940553046875 0.3867563625 0.866701421875 0.42181778437500006 0.8497789015625001 0.3832506421875 0.6686846046875 0.3466785328125 0.6940553046875
3 0.62265625 0.221875 0.151171875 0.263671875
1 0.65390625 0.503125 0.098046875 0.2
1 0.6078125 0.8609375 0.126171875 0.12890625
4 0.49140625 0.75703125 0.142578125 0.328125
4 0.44296875 0.48203125 0.230859375 0.215625
2 0.58828125 0.4796875 0.058203125 0.252734375
2 0.62890625 0.6953125 0.141015625 0.18125