4 0.41484375 0.2328125 0.26640625 0.26953125
0 0.4046875 0.0703125 0.21953125 0.06328125
0 0.21911313593749998 0.20748901874999998 0.29483388125 0.507238225 0.333227490625 0.48850392343750004 0.2522666421875 0.1919148953125 0.21911313593749998 0.20748901874999998
0 0.3428259125 0.6962846546875 0.3918844171875 0.8665966546874999 0.4260121328125 0.8478623531249999 0.3780201015625 0.6690346875000001 0.3428259125 0.6962846546875
3 0.62265625 0.221875 0.14296875 0.26015625
1 0.65390625 0.503125 0.07890625 0.1953125
1 0.6078125 0.8609375 0.11796875 0.121875
4 0.49140625 0.75703125 0.12421875 0.321875
4 0.44296875 0.48203125 0.22890625 0.2140625
2 0.58828125 0.4796875 0.05859375 0.25234375
2 0.62890625 0.6953125 0.13515625 0.1765625