4 0.5625 0.2265625 0.1546875 0.306640625
4 0.56328125 0.6953125 0.14609375 0.2984375
0 0.5625 0.8828125 0.140234375 0.060546875
4 0.43359375 0.73046875 0.15234375 0.29609375
1 0.4078125 0.5296875 0.084765625 0.123828125
1 0.4078125 0.42265625 0.0859375 0.110546875
3 0.43125 0.26015625 0.147265625 0.2328125
0 0.4328125 0.1140625 0.12890625 0.088671875
2 0.56171875 0.4890625 0.14296875 0.105859375
5 0.5953125 0.40703125 0.074609375 0.06875
2 0.4390625 0.62113073125 0.483697984375 0.6234699781249999 0.4935919109375 0.434682628125 0.564948753125 0.43842228125 0.5658492984375 0.3804839484375 0.46135417656250005 0.371875 0.4520294359375 0.371875 0.4390625 0.6192988734375 0.4390625 0.62113073125