4 0.5625 0.2265625 0.1734375 0.312109375
4 0.56328125 0.6953125 0.15390625 0.3015625
0 0.5625 0.8828125 0.144921875 0.074609375
4 0.43359375 0.73046875 0.134375 0.29140625
1 0.4078125 0.5296875 0.087109375 0.125390625
1 0.4078125 0.42265625 0.0828125 0.108203125
3 0.43125 0.26015625 0.143359375 0.23203125
0 0.4328125 0.1140625 0.12265625 0.076171875
2 0.56171875 0.4890625 0.14375 0.106640625
5 0.5953125 0.40703125 0.073046875 0.06640625
2 0.4666461078125 0.619531625 0.5027178671875 0.4339585078125 0.5728598109374999 0.44759272031249997 0.58181505 0.3903435703125 0.47221698281249996 0.365625 0.47036957343749997 0.365625 0.42267646093750005 0.610984790625 0.4666461078125 0.619531625