3 0.52109375 0.328125 0.115625 0.2546875
0 0.52109375 0.15625 0.1109375 0.08203125
1 0.56875 0.54921875 0.1140625 0.1015625
2 0.546875 0.66484375 0.0640625 0.13125
2 0.4890625 0.596875 0.04921875 0.26953125
4 0.38984375 0.32421875 0.1484375 0.4109375
1 0.35546875 0.5984375 0.07890625 0.13125
5 0.42890625 0.59921875 0.065625 0.13359375
4 0.37265625 0.809375 0.115625 0.28046875
4 0.4921875 0.83828125 0.11953125 0.2125
5 0.60703125 0.89140625 0.10859375 0.090625
1 0.60703125 0.79375 0.10390625 0.09765625