3 0.52109375 0.328125 0.13046875 0.2609375
0 0.52109375 0.15625 0.1109375 0.082421875
1 0.56875 0.54921875 0.11953125 0.10859375
2 0.546875 0.66484375 0.071875 0.134375
2 0.4890625 0.596875 0.065234375 0.270703125
4 0.38984375 0.32421875 0.17265625 0.41796875
1 0.35546875 0.5984375 0.079296875 0.13125
5 0.42890625 0.59921875 0.075 0.137109375
4 0.37265625 0.809375 0.13671875 0.287890625
4 0.4921875 0.83828125 0.122265625 0.2140625
5 0.60703125 0.89140625 0.111328125 0.09453125
1 0.60703125 0.79375 0.105078125 0.098046875