3 0.52109375 0.328125 0.121875 0.2578125
0 0.52109375 0.15625 0.11484375 0.087109375
1 0.56875 0.54921875 0.12265625 0.1125
2 0.546875 0.66484375 0.06875 0.13359375
2 0.4890625 0.596875 0.065234375 0.270703125
4 0.38984375 0.32421875 0.15859375 0.4140625
1 0.35546875 0.5984375 0.089453125 0.13671875
5 0.42890625 0.59921875 0.07421875 0.137109375
4 0.37265625 0.809375 0.140625 0.288671875
4 0.4921875 0.83828125 0.126171875 0.215625
5 0.60703125 0.89140625 0.112109375 0.0953125
1 0.60703125 0.79375 0.113671875 0.107421875