4 0.34453125 0.2421875 0.14296875 0.29609375
1 0.521875 0.321875 0.112109375 0.115234375
4 0.496875 0.684375 0.178125 0.325
2 0.47734375 0.484375 0.215625 0.07734375
1 0.52265625 0.41328125 0.101171875 0.080078125
2 0.6234375 0.5296875 0.09296875 0.1609375
5 0.6953125 0.525 0.079296875 0.169921875
3 0.65234375 0.7296875 0.16484375 0.24765625
0 0.6515625 0.903125 0.14453125 0.1015625
4 0.346875 0.6859375 0.14296875 0.326171875
1 0.325 0.45625 0.09765625 0.1390625
5 0.4390625 0.353125 0.0734375 0.184765625