4 0.44765625 0.77421875 0.1640625 0.340625
3 0.56328125 0.7640625 0.134765625 0.225
0 0.56640625 0.903125 0.1109375 0.0796875
4 0.446875 0.21640625 0.140234375 0.28671875
1 0.41484375 0.42578125 0.08828125 0.1296875
1 0.41640625 0.54296875 0.077734375 0.11796875
2 0.50390625 0.5359375 0.1125 0.146875
5 0.5890625 0.6125 0.065625 0.091015625
4 0.5671875 0.24296875 0.123828125 0.183203125
0 0.56875 0.11484375 0.11328125 0.087109375
1 0.54453125 0.396875 0.06796875 0.1171875
2 0.57672424375 0.461925734375 0.5546260734375 0.45565125625 0.5499864828125001 0.564557371875 0.6161073203125 0.5663171874999999 0.628125 0.34926616093749996 0.628125 0.3338447453125 0.581368440625 0.332554284375 0.57672424375 0.461925734375