4 0.44765625 0.77421875 0.134375 0.33125
3 0.56328125 0.7640625 0.11328125 0.215625
0 0.56640625 0.903125 0.1046875 0.0703125
4 0.446875 0.21640625 0.13046875 0.2828125
1 0.41484375 0.42578125 0.0765625 0.1234375
1 0.41640625 0.54296875 0.07265625 0.115625
2 0.50390625 0.5359375 0.1078125 0.14375
5 0.5890625 0.6125 0.065625 0.09140625
4 0.5671875 0.24296875 0.10546875 0.17421875
0 0.56875 0.11484375 0.10625 0.07578125
1 0.54453125 0.396875 0.0640625 0.115625
2 0.622933309375 0.33234042812500003 0.5753206765625001 0.33351990625 0.5774536234375 0.46295711562499997 0.5550573578125 0.45784776562499996 0.55612383125 0.566847446875 0.622246153125 0.565144353125 0.622933309375 0.33234042812500003