4 0.44765625 0.77421875 0.16953125 0.34140625
3 0.56328125 0.7640625 0.120703125 0.21875
0 0.56640625 0.903125 0.1046875 0.0703125
4 0.446875 0.21640625 0.147265625 0.2890625
1 0.41484375 0.42578125 0.0875 0.12890625
1 0.41640625 0.54296875 0.075390625 0.1171875
2 0.50390625 0.5359375 0.12109375 0.153125
5 0.5890625 0.6125 0.06640625 0.091015625
4 0.5671875 0.24296875 0.119921875 0.181640625
0 0.56875 0.11484375 0.1140625 0.087890625
1 0.54453125 0.396875 0.065625 0.11640625
2 0.5671617437500001 0.3343561640625 0.578318578125 0.463329284375 0.555620459375 0.45979466562500004 0.564186709375 0.5671875 0.577504815625 0.5671875 0.6296875 0.5621854671875 0.6296875 0.5555314953125 0.61457611875 0.32985827031250003 0.5671617437500001 0.3343561640625