4 0.49765625 0.1890625 0.160546875 0.284375
4 0.63125 0.69140625 0.153125 0.341015625
4 0.50625 0.84375 0.150390625 0.271875
4 0.3359375 0.79296875 0.162890625 0.39140625
1 0.315625 0.25 0.09140625 0.1734375
1 0.31875 0.534375 0.07578125 0.13203125
5 0.3109375 0.40078125 0.084765625 0.13046875
2 0.3890625 0.2703125 0.063671875 0.133984375
2 0.384375 0.4328125 0.073828125 0.190234375
3 0.5977127546875 0.3429424765625 0.584956925 0.45252863281250005 0.5635379171875 0.44989870937500004 0.5818353093749999 0.344363340625 0.43067510468750003 0.322272340625 0.40857187812499995 0.500686040625 0.66990604375 0.534375 0.6809309203125 0.534375 0.7008996140625 0.356972940625 0.5977127546875 0.3429424765625
2 0.36785500312499997 0.5259826999999999 0.3605586203125 0.5924941796875001 0.42310620312499997 0.5987784609375 0.40800614218750003 0.7160247078124999 0.44017697031249997 0.7203125 0.45073796718750003 0.7203125 0.47650301875 0.5319333078125 0.36785500312499997 0.5259826999999999