4 0.49765625 0.1890625 0.14921875 0.2796875
4 0.63125 0.69140625 0.1265625 0.33359375
4 0.50625 0.84375 0.12421875 0.2625
4 0.3359375 0.79296875 0.12109375 0.3828125
1 0.315625 0.25 0.075 0.1671875
1 0.31875 0.534375 0.0671875 0.128125
5 0.3109375 0.40078125 0.08046875 0.128125
2 0.3890625 0.2703125 0.06328125 0.13359375
2 0.384375 0.4328125 0.06328125 0.18828125
3 0.5663151046875 0.4491356390625 0.571614584375 0.342157025 0.4188888890625 0.33865248281250004 0.4186935765625 0.5184300187499999 0.6931423609375 0.520085328125 0.691328125 0.3401623453125 0.587200521875 0.338811778125 0.587894965625 0.4491356390625 0.5663151046875 0.4491356390625
2 0.3566666671875 0.53191489375 0.35753038125000003 0.5988198125 0.4203776046875 0.59743461875 0.41967882031250003 0.7156471640625 0.4625954859375 0.716090425 0.46523003437500005 0.524580284375 0.3566666671875 0.53191489375