4 0.49765625 0.1890625 0.151171875 0.2796875
4 0.63125 0.69140625 0.1453125 0.339453125
4 0.50625 0.84375 0.128515625 0.2640625
4 0.3359375 0.79296875 0.165234375 0.39140625
1 0.315625 0.25 0.08984375 0.1734375
1 0.31875 0.534375 0.07578125 0.13203125
5 0.3109375 0.40078125 0.087890625 0.13203125
2 0.3890625 0.2703125 0.063671875 0.133984375
2 0.384375 0.4328125 0.083984375 0.192578125
3 0.58207000625 0.33699789999999996 0.5885374031249999 0.447134221875 0.5669871171875001 0.44826362499999994 0.5666805046875 0.34115426718749997 0.4140625 0.3456451671875 0.4140625 0.3472415125 0.4231944859375 0.525188953125 0.696875 0.51250065 0.696875 0.5048209453125 0.6861255890625 0.3328969984375 0.58207000625 0.33699789999999996
2 0.36374485624999997 0.5873795359375 0.425292909375 0.60016739375 0.3980199984375 0.7151929671875 0.43858296093750004 0.725 0.439805471875 0.725 0.484375 0.543383265625 0.484375 0.5391075953125 0.3779536109375 0.5219950921875001 0.36374485624999997 0.5873795359375