4 0.2765625 0.22109375 0.174609375 0.292578125
2 0.3984375 0.3 0.12265625 0.326953125
3 0.5984375 0.48046875 0.18125 0.265234375
0 0.71328125 0.48359375 0.086328125 0.2453125
4 0.60078125 0.7546875 0.32890625 0.334765625
4 0.290625 0.79609375 0.19453125 0.24375
5 0.41796875 0.8046875 0.084375 0.21328125
1 0.409375 0.6359375 0.094921875 0.091015625
2 0.4359375 0.53046875 0.169921875 0.15546875
1 0.45234375 0.5921875 0.001171875 0.01484375
1 0.24921875 0.42734375 0.121875 0.15703125
1 0.25078125 0.59921875 0.10390625 0.146484375
2 0.328125 0.47890625 0.076171875 0.23984375