4 0.2765625 0.22109375 0.15546875 0.28359375
2 0.3984375 0.3 0.0859375 0.32265625
3 0.5984375 0.48046875 0.1625 0.25390625
0 0.71328125 0.48359375 0.05859375 0.2421875
4 0.60078125 0.7546875 0.296875 0.30390625
4 0.290625 0.79609375 0.1859375 0.2375
5 0.41796875 0.8046875 0.065625 0.209375
1 0.409375 0.6359375 0.08828125 0.08359375
2 0.4359375 0.53046875 0.15546875 0.1390625
1 0.45234375 0.5921875 0.00078125 0.0140625
1 0.24921875 0.42734375 0.10625 0.146875
1 0.25078125 0.59921875 0.0984375 0.14296875
2 0.328125 0.47890625 0.05078125 0.2375