4 0.2765625 0.22109375 0.189453125 0.298046875
2 0.3984375 0.3 0.11484375 0.326953125
3 0.5984375 0.48046875 0.18671875 0.268359375
0 0.71328125 0.48359375 0.068359375 0.24375
4 0.60078125 0.7546875 0.31875 0.324609375
4 0.290625 0.79609375 0.19453125 0.24375
5 0.41796875 0.8046875 0.07578125 0.21171875
1 0.409375 0.6359375 0.094140625 0.090234375
2 0.4359375 0.53046875 0.167578125 0.15234375
1 0.45234375 0.5921875 0.002734375 0.0140625
1 0.24921875 0.42734375 0.11796875 0.1546875
1 0.25078125 0.59921875 0.10546875 0.147265625
2 0.328125 0.47890625 0.076171875 0.23984375