4 0.65078125 0.19765625 0.16875 0.24140625
1 0.53125 0.19765625 0.071875 0.16015625
1 0.52265625 0.3828125 0.09296875 0.1265625
1 0.44140625 0.3828125 0.065625 0.1265625
2 0.3484375 0.3828125 0.11953125 0.13046875
2 0.45 0.49140625 0.32109375 0.08125
4 0.6734375 0.428125 0.1234375 0.21640625
4 0.640625 0.72734375 0.18984375 0.38125
3 0.47890625 0.68515625 0.1328125 0.290625
0 0.4765625 0.8671875 0.13984375 0.0796875
5 0.3203125 0.59375 0.07265625 0.1234375
4 0.34609375 0.78515625 0.11640625 0.25859375