4 0.65078125 0.19765625 0.1765625 0.247265625
1 0.53125 0.19765625 0.07578125 0.162109375
1 0.52265625 0.3828125 0.096484375 0.1296875
1 0.44140625 0.3828125 0.078125 0.13203125
2 0.3484375 0.3828125 0.133203125 0.142578125
2 0.45 0.49140625 0.326171875 0.11640625
4 0.6734375 0.428125 0.1296875 0.219921875
4 0.640625 0.72734375 0.196484375 0.384375
3 0.47890625 0.68515625 0.13515625 0.29140625
0 0.4765625 0.8671875 0.146484375 0.09296875
5 0.3203125 0.59375 0.084765625 0.13046875
4 0.34609375 0.78515625 0.131640625 0.263671875