4 0.65078125 0.19765625 0.17265625 0.244140625
1 0.53125 0.19765625 0.078125 0.162890625
1 0.52265625 0.3828125 0.094140625 0.12890625
1 0.44140625 0.3828125 0.0796875 0.1328125
2 0.3484375 0.3828125 0.133984375 0.143359375
2 0.45 0.49140625 0.323828125 0.0921875
4 0.6734375 0.428125 0.13515625 0.222265625
4 0.640625 0.72734375 0.202734375 0.38671875
3 0.47890625 0.68515625 0.15 0.296875
0 0.4765625 0.8671875 0.140234375 0.0796875
5 0.3203125 0.59375 0.083984375 0.1296875
4 0.34609375 0.78515625 0.141796875 0.266796875