0 0.37578125 0.92109375 0.16484375 0.08046875
1 0.54609375 0.559375 0.08671875 0.10625
1 0.696875 0.4453125 0.10234375 0.1125
2 0.665625 0.33203125 0.16328125 0.12421875
2 0.54921875 0.43671875 0.1875 0.13203125
3 0.5194202890625 0.37557816875 0.5188405796875 0.27567067500000003 0.2614492765625 0.2691951890625 0.260869565625 0.51156336875 0.4573913046875 0.506938021875 0.45855072343750003 0.37557816875 0.5194202890625 0.37557816875
4 0.3765625 0.1546875 0.22265625 0.23203125
4 0.37890625 0.696875 0.15859375 0.38515625
4 0.525 0.7828125 0.12890625 0.33671875
4 0.66953125 0.7296875 0.1625 0.44609375
1 0.53828125 0.10625 0.10546875 0.13046875