0 0.37578125 0.92109375 0.164453125 0.080859375
1 0.54609375 0.559375 0.094921875 0.11328125
1 0.696875 0.4453125 0.113671875 0.12265625
2 0.665625 0.33203125 0.172265625 0.136328125
2 0.54921875 0.43671875 0.1984375 0.148828125
3 0.45388188749999997 0.3610236171875 0.5131913703125 0.34733094375 0.49015222343750003 0.2501144796875 0.23790117500000002 0.30170540468749996 0.2913881296875 0.5359375 0.2998895828125 0.5359375 0.482301721875 0.48927753906250004 0.45388188749999997 0.3610236171875
4 0.3765625 0.1546875 0.231640625 0.240234375
4 0.37890625 0.696875 0.195703125 0.396484375
4 0.525 0.7828125 0.166796875 0.347265625
4 0.66953125 0.7296875 0.2171875 0.459765625
1 0.53828125 0.10625 0.105859375 0.131640625