0 0.37578125 0.92109375 0.166015625 0.083984375
1 0.54609375 0.559375 0.089453125 0.10859375
1 0.696875 0.4453125 0.107421875 0.11640625
2 0.665625 0.33203125 0.164453125 0.126171875
2 0.54921875 0.43671875 0.2 0.152734375
3 0.46031156093750003 0.3894857046875 0.5200627812499999 0.40110016562500006 0.5385569718750001 0.302917640625 0.287130253125 0.2474485515625 0.240625 0.4836792703125 0.240625 0.4853058234375 0.434108803125 0.5182108796875 0.46031156093750003 0.3894857046875
4 0.3765625 0.1546875 0.244921875 0.253515625
4 0.37890625 0.696875 0.161328125 0.385546875
4 0.525 0.7828125 0.130859375 0.337890625
4 0.66953125 0.7296875 0.17734375 0.451171875
1 0.53828125 0.10625 0.116015625 0.139453125