0 0.646875 0.671875 0.053125 0.14609375
1 0.41328125 0.11640625 0.081640625 0.093359375
1 0.41328125 0.3328125 0.05546875 0.141015625
1 0.46953125 0.11796875 0.034375 0.083203125
3 0.5671875 0.48125 0.176171875 0.1765625
2 0.4390625 0.48515625 0.10859375 0.177734375
2 0.46171875 0.284375 0.0515625 0.238671875
2 0.409375 0.215625 0.073046875 0.107421875
4 0.3 0.1609375 0.164453125 0.1734375
4 0.546875 0.159375 0.13046875 0.165625
4 0.55 0.3203125 0.13203125 0.166796875
4 0.53515625 0.6609375 0.1875 0.20234375