0 0.646875 0.671875 0.05859375 0.14609375
1 0.41328125 0.11640625 0.084765625 0.095703125
1 0.41328125 0.3328125 0.06640625 0.144140625
1 0.46953125 0.11796875 0.03984375 0.084765625
3 0.5671875 0.48125 0.163671875 0.1640625
2 0.4390625 0.48515625 0.09453125 0.171484375
2 0.46171875 0.284375 0.06953125 0.239453125
2 0.409375 0.215625 0.066796875 0.103515625
4 0.3 0.1609375 0.162890625 0.17265625
4 0.546875 0.159375 0.12890625 0.16484375
4 0.55 0.3203125 0.12265625 0.160546875
4 0.53515625 0.6609375 0.1921875 0.20703125