0 0.39765625 0.12109375 0.140234375 0.0875
1 0.3734375 0.41953125 0.1015625 0.153125
1 0.3546875 0.7171875 0.0640625 0.117578125
1 0.4359375 0.715625 0.1078125 0.11953125
2 0.3734375 0.57421875 0.107421875 0.169921875
2 0.47890625 0.54453125 0.11875 0.23359375
3 0.39765625 0.25625 0.15390625 0.19140625
4 0.58203125 0.23515625 0.225 0.310546875
4 0.6109375 0.4828125 0.16015625 0.191796875
4 0.615625 0.66796875 0.16953125 0.199609375
4 0.625 0.85546875 0.147265625 0.1921875
5 0.521875 0.8890625 0.077734375 0.12265625