0 0.39765625 0.12109375 0.138671875 0.08359375
1 0.3734375 0.41953125 0.09453125 0.14921875
1 0.3546875 0.7171875 0.0640625 0.117578125
1 0.4359375 0.715625 0.1109375 0.12265625
2 0.3734375 0.57421875 0.100390625 0.166796875
2 0.47890625 0.54453125 0.134375 0.23984375
3 0.39765625 0.25625 0.14921875 0.18828125
4 0.58203125 0.23515625 0.25234375 0.327734375
4 0.6109375 0.4828125 0.1515625 0.185546875
4 0.615625 0.66796875 0.1625 0.194921875
4 0.625 0.85546875 0.137109375 0.184375
5 0.521875 0.8890625 0.071484375 0.1203125