0 0.39765625 0.12109375 0.13671875 0.0796875
1 0.3734375 0.41953125 0.0890625 0.146875
1 0.3546875 0.7171875 0.0609375 0.11640625
1 0.4359375 0.715625 0.103125 0.115625
2 0.3734375 0.57421875 0.09609375 0.16484375
2 0.47890625 0.54453125 0.1171875 0.2328125
3 0.39765625 0.25625 0.140625 0.1828125
4 0.58203125 0.23515625 0.2171875 0.30546875
4 0.6109375 0.4828125 0.1453125 0.18046875
4 0.615625 0.66796875 0.1515625 0.18515625
4 0.625 0.85546875 0.13359375 0.1828125
5 0.521875 0.8890625 0.06953125 0.11875