1 0.32109375 0.24921875 0.087109375 0.18046875
1 0.3203125 0.55625 0.083203125 0.150390625
2 0.39609375 0.2671875 0.080859375 0.1546875
2 0.3953125 0.48984375 0.078125 0.2875
3 0.5140625 0.446875 0.167578125 0.20078125
4 0.3546875 0.77890625 0.171875 0.304296875
4 0.50859375 0.84296875 0.169921875 0.191015625
4 0.5671875 0.64453125 0.190625 0.2203125
4 0.54609375 0.1921875 0.24296875 0.31953125
5 0.31484375 0.409375 0.108203125 0.146875
4 0.66171875 0.44375 0.126953125 0.19453125
5 0.62890625 0.8375 0.078515625 0.164453125