1 0.32109375 0.24921875 0.098046875 0.1828125
1 0.3203125 0.55625 0.094140625 0.155859375
2 0.39609375 0.2671875 0.078515625 0.153125
2 0.3953125 0.48984375 0.0734375 0.2859375
3 0.5140625 0.446875 0.170703125 0.20390625
4 0.3546875 0.77890625 0.15234375 0.295703125
4 0.50859375 0.84296875 0.175390625 0.195703125
4 0.5671875 0.64453125 0.1875 0.21796875
4 0.54609375 0.1921875 0.240625 0.31796875
5 0.31484375 0.409375 0.092578125 0.1375
4 0.66171875 0.44375 0.142578125 0.203125
5 0.62890625 0.8375 0.064453125 0.160546875