4 0.58515625 0.12578125 0.2265625 0.205078125
1 0.43125 0.2140625 0.09765625 0.134765625
1 0.4328125 0.36015625 0.11015625 0.1484375
2 0.34375 0.52890625 0.078515625 0.15546875
2 0.45234375 0.52421875 0.143359375 0.16484375
4 0.6109375 0.52109375 0.17265625 0.187109375
4 0.60703125 0.790625 0.166796875 0.348046875
3 0.45 0.7921875 0.162890625 0.20390625
0 0.4515625 0.93359375 0.143359375 0.08359375
1 0.42109375 0.65078125 0.09140625 0.091015625
4 0.6078125 0.32265625 0.175 0.200390625
5 0.49296875 0.65234375 0.0625 0.086328125