4 0.58515625 0.12578125 0.2078125 0.18359375
1 0.43125 0.2140625 0.096875 0.13359375
1 0.4328125 0.36015625 0.103125 0.14375
2 0.34375 0.52890625 0.06796875 0.1515625
2 0.45234375 0.52421875 0.13828125 0.1609375
4 0.6109375 0.52109375 0.16875 0.18359375
4 0.60703125 0.790625 0.16484375 0.34765625
3 0.45 0.7921875 0.14296875 0.190625
0 0.4515625 0.93359375 0.13984375 0.0765625
1 0.42109375 0.65078125 0.0828125 0.08203125
4 0.6078125 0.32265625 0.16875 0.19453125
5 0.49296875 0.65234375 0.0578125 0.08359375