4 0.58515625 0.12578125 0.2109375 0.186328125
1 0.43125 0.2140625 0.09765625 0.134765625
1 0.4328125 0.36015625 0.10546875 0.1453125
2 0.34375 0.52890625 0.074609375 0.15390625
2 0.45234375 0.52421875 0.150390625 0.1703125
4 0.6109375 0.52109375 0.18515625 0.198046875
4 0.60703125 0.790625 0.184765625 0.355859375
3 0.45 0.7921875 0.159765625 0.20234375
0 0.4515625 0.93359375 0.141796875 0.0796875
1 0.42109375 0.65078125 0.0828125 0.082421875
4 0.6078125 0.32265625 0.18828125 0.211328125
5 0.49296875 0.65234375 0.06484375 0.087890625