0 0.49921875 0.13515625 0.1125 0.08359375
1 0.47734375 0.40546875 0.06796875 0.110546875
1 0.646875 0.50234375 0.089453125 0.133203125
1 0.6453125 0.6265625 0.081640625 0.121484375
0 0.50078125 0.88125 0.1078125 0.0875
2 0.35078125 0.48515625 0.082421875 0.154296875
2 0.41328125 0.48359375 0.06953125 0.1546875
2 0.525 0.515625 0.16953125 0.10546875
3 0.5015625 0.70234375 0.1265625 0.2890625
4 0.61953125 0.79921875 0.158984375 0.239453125
4 0.3828125 0.73984375 0.159765625 0.363671875
4 0.5 0.265625 0.113671875 0.17890625
4 0.621875 0.2703125 0.14765625 0.344140625