0 0.49921875 0.13515625 0.109375 0.08046875
1 0.47734375 0.40546875 0.0671875 0.109765625
1 0.646875 0.50234375 0.087109375 0.131640625
1 0.6453125 0.6265625 0.087890625 0.125390625
0 0.50078125 0.88125 0.11015625 0.090625
2 0.35078125 0.48515625 0.069140625 0.149609375
2 0.41328125 0.48359375 0.065625 0.153125
2 0.525 0.515625 0.1734375 0.11484375
3 0.5015625 0.70234375 0.13359375 0.290625
4 0.61953125 0.79921875 0.141796875 0.230859375
4 0.3828125 0.73984375 0.139453125 0.359765625
4 0.5 0.265625 0.123046875 0.18359375
4 0.621875 0.2703125 0.15078125 0.344921875