0 0.65234375 0.81171875 0.205078125 0.133984375
1 0.321875 0.44140625 0.06328125 0.09765625
1 0.52421875 0.39609375 0.06171875 0.1375
1 0.72421875 0.4625 0.0515625 0.122265625
2 0.484375 0.5296875 0.13515625 0.1375
2 0.45625 0.3546875 0.087890625 0.06484375
2 0.60078125 0.49140625 0.094140625 0.06875
1 0.584375 0.4265625 0.057421875 0.06953125
3 0.48671875 0.70390625 0.13125 0.221484375
4 0.6515625 0.63828125 0.2078125 0.225390625
4 0.303125 0.26640625 0.126953125 0.278125
4 0.49296875 0.228125 0.125390625 0.2015625
4 0.603125 0.22578125 0.116015625 0.215234375
4 0.70234375 0.26171875 0.106640625 0.27265625
5 0.58203125 0.3609375 0.0625 0.065625
5 0.67421875 0.45859375 0.055078125 0.131640625
5 0.38125 0.4421875 0.0625 0.098046875
5 0.43359375 0.43984375 0.05546875 0.100390625
5 0.3953125 0.27265625 0.08515625 0.108203125
1 0.3953125 0.1734375 0.080859375 0.093359375