0 0.83515625 0.8328125 0.084765625 0.26171875
1 0.353125 0.203125 0.105859375 0.235546875
1 0.41328125 0.61875 0.109765625 0.176953125
1 0.41171875 0.61953125 0.10703125 0.16875
1 0.584375 0.64375 0.0640625 0.124609375
2 0.50859375 0.73359375 0.11640625 0.303515625
2 0.55234375 0.49296875 0.189453125 0.192578125
3 0.72265625 0.83125 0.16796875 0.26171875
4 0.23203125 0.246875 0.169140625 0.320703125
4 0.26015625 0.559375 0.208203125 0.296484375
4 0.48515625 0.2109375 0.183984375 0.234765625
4 0.7171875 0.25 0.321484375 0.33359375
4 0.75234375 0.56015625 0.237890625 0.30703125
5 0.4125 0.47265625 0.11953125 0.134765625
5 0.59453125 0.90390625 0.0921875 0.10703125