0 0.83515625 0.8328125 0.093359375 0.26171875
1 0.353125 0.203125 0.098046875 0.233203125
1 0.41328125 0.61875 0.112890625 0.178515625
1 0.41171875 0.61953125 0.11015625 0.1703125
1 0.584375 0.64375 0.0640625 0.124609375
2 0.50859375 0.73359375 0.109375 0.302734375
2 0.55234375 0.49296875 0.176953125 0.180859375
3 0.72265625 0.83125 0.1828125 0.2703125
4 0.23203125 0.246875 0.148828125 0.312109375
4 0.26015625 0.559375 0.219921875 0.303515625
4 0.48515625 0.2109375 0.175390625 0.228515625
4 0.7171875 0.25 0.301171875 0.3140625
4 0.75234375 0.56015625 0.223046875 0.296875
5 0.4125 0.47265625 0.1140625 0.130859375
5 0.59453125 0.90390625 0.0953125 0.11015625