0 0.83515625 0.8328125 0.06171875 0.2578125
1 0.353125 0.203125 0.08984375 0.23046875
1 0.41328125 0.61875 0.10703125 0.17578125
1 0.41171875 0.61953125 0.1046875 0.1671875
1 0.584375 0.64375 0.059375 0.12265625
2 0.50859375 0.73359375 0.084375 0.29765625
2 0.55234375 0.49296875 0.17265625 0.17734375
3 0.72265625 0.83125 0.1640625 0.259375
4 0.23203125 0.246875 0.14921875 0.31171875
4 0.26015625 0.559375 0.19921875 0.28984375
4 0.48515625 0.2109375 0.16953125 0.22421875
4 0.7171875 0.25 0.29296875 0.3078125
4 0.75234375 0.56015625 0.22265625 0.296875
5 0.4125 0.47265625 0.1046875 0.12421875
5 0.59453125 0.90390625 0.090625 0.10625