0 0.48515625 0.9265625 0.144921875 0.094921875
0 0.65546875 0.4765625 0.12109375 0.140234375
3 0.48671875 0.17890625 0.165625 0.26796875
4 0.34140625 0.22734375 0.163671875 0.387890625
1 0.45390625 0.57890625 0.07890625 0.09921875
2 0.35625 0.471875 0.110546875 0.11328125
2 0.4875 0.4734375 0.159765625 0.124609375
4 0.62890625 0.76484375 0.1640625 0.2421875
4 0.48203125 0.7578125 0.1640625 0.267578125
4 0.63203125 0.21171875 0.17734375 0.233203125
1 0.6546875 0.59609375 0.11171875 0.104296875
5 0.51953125 0.3578125 0.07890625 0.115625
5 0.65703125 0.3671875 0.108203125 0.091796875