0 0.48515625 0.9265625 0.143359375 0.090234375
0 0.65546875 0.4765625 0.1203125 0.139453125
3 0.48671875 0.17890625 0.159375 0.265625
4 0.34140625 0.22734375 0.151171875 0.383203125
1 0.45390625 0.57890625 0.078125 0.09921875
2 0.35625 0.471875 0.118359375 0.12109375
2 0.4875 0.4734375 0.162890625 0.129296875
4 0.62890625 0.76484375 0.175 0.24921875
4 0.48203125 0.7578125 0.1390625 0.256640625
4 0.63203125 0.21171875 0.17578125 0.232421875
1 0.6546875 0.59609375 0.1203125 0.113671875
5 0.51953125 0.3578125 0.07578125 0.1140625
5 0.65703125 0.3671875 0.106640625 0.090234375