0 0.48515625 0.9265625 0.13828125 0.08203125
0 0.65546875 0.4765625 0.109375 0.13046875
3 0.48671875 0.17890625 0.140625 0.25625
4 0.34140625 0.22734375 0.14765625 0.38203125
1 0.45390625 0.57890625 0.075 0.096875
2 0.35625 0.471875 0.10859375 0.1109375
2 0.4875 0.4734375 0.15234375 0.11484375
4 0.62890625 0.76484375 0.15625 0.2375
4 0.48203125 0.7578125 0.1375 0.25546875
4 0.63203125 0.21171875 0.15625 0.21953125
1 0.6546875 0.59609375 0.109375 0.10234375
5 0.51953125 0.3578125 0.0734375 0.1125
5 0.65703125 0.3671875 0.10234375 0.08359375