0 0.30390625 0.2296875 0.0546875 0.148046875
0 0.42421618437499997 0.1564838703125 0.555804259375 0.1640625 0.5624309578125 0.1640625 0.501324596875 0.0494589296875 0.42421618437499997 0.1564838703125
6 0.58203125 0.80078125 0.270703125 0.259765625
1 0.36796875 0.52265625 0.088671875 0.132421875
1 0.36796875 0.68515625 0.08125 0.12109375
4 0.39140625 0.8625 0.148828125 0.25078125
1 0.48515625 0.6390625 0.066796875 0.07265625
2 0.6140625 0.64140625 0.198828125 0.084765625
2 0.4890625 0.54140625 0.174609375 0.125390625
4 0.51328125 0.32578125 0.1484375 0.323046875
4 0.390625 0.31171875 0.13984375 0.2921875
0 0.51484375 0.95 0.11640625 0.066796875