0 0.30390625 0.2296875 0.06171875 0.149609375
0 0.41928121406249996 0.148547425 0.5522474953125001 0.1703125 0.5558577046875001 0.1703125 0.5071543703125 0.0501688015625 0.41928121406249996 0.148547425
6 0.58203125 0.80078125 0.273046875 0.262109375
1 0.36796875 0.52265625 0.083203125 0.130078125
1 0.36796875 0.68515625 0.08359375 0.12265625
4 0.39140625 0.8625 0.150390625 0.2515625
1 0.48515625 0.6390625 0.066796875 0.07265625
2 0.6140625 0.64140625 0.196484375 0.073828125
2 0.4890625 0.54140625 0.174609375 0.125390625
4 0.51328125 0.32578125 0.1171875 0.314453125
4 0.390625 0.31171875 0.1375 0.29140625
0 0.51484375 0.95 0.11640625 0.066796875