5 0.3703125 0.47265625 0.1046875 0.161328125
1 0.51171875 0.47734375 0.1390625 0.16953125
2 0.51328125 0.346875 0.118359375 0.087109375
1 0.51484375 0.26328125 0.11875 0.091015625
2 0.43125 0.4875 0.069921875 0.54375
4 0.36640625 0.7484375 0.109765625 0.233984375
5 0.3671875 0.5921875 0.09296875 0.075390625
5 0.3671875 0.346875 0.090625 0.0859375
4 0.49140625 0.14375 0.158203125 0.148046875
4 0.36796875 0.2078125 0.094921875 0.198046875
6 0.575 0.76015625 0.191796875 0.405859375
4 0.45625 0.85234375 0.076171875 0.17890625