5 0.3703125 0.47265625 0.0984375 0.158984375
1 0.51171875 0.47734375 0.13515625 0.16796875
2 0.51328125 0.346875 0.124609375 0.097265625
1 0.51484375 0.26328125 0.12265625 0.097265625
2 0.43125 0.4875 0.065234375 0.54375
4 0.36640625 0.7484375 0.116796875 0.234765625
5 0.3671875 0.5921875 0.09296875 0.075390625
5 0.3671875 0.346875 0.090625 0.0859375
4 0.49140625 0.14375 0.163671875 0.153515625
4 0.36796875 0.2078125 0.107421875 0.201171875
6 0.575 0.76015625 0.165234375 0.396484375
4 0.45625 0.85234375 0.074609375 0.178125