0 0.66484375 0.1046875 0.1109375 0.071875
1 0.36796875 0.3875 0.11484375 0.09375
1 0.49140625 0.55390625 0.05078125 0.1109375
1 0.5125 0.65703125 0.09296875 0.09375
1 0.68828125 0.46953125 0.065625 0.0671875
2 0.44765625 0.55703125 0.0375 0.2359375
2 0.62578125 0.57109375 0.0625 0.084375
2 0.58671875 0.48046875 0.1375 0.0890625
3 0.66484375 0.290625 0.115625 0.28984375
4 0.53671875 0.25234375 0.13359375 0.3734375
4 0.38984375 0.24765625 0.153125 0.17890625
4 0.35078125 0.5609375 0.15703125 0.24453125
4 0.3875 0.85859375 0.15625 0.1796875
5 0.36953125 0.72578125 0.11328125 0.09453125
5 0.55546875 0.5671875 0.07265625 0.08359375