0 0.66484375 0.1046875 0.1109375 0.07265625
1 0.36796875 0.3875 0.123046875 0.1046875
1 0.49140625 0.55390625 0.058984375 0.1140625
1 0.5125 0.65703125 0.102734375 0.103125
1 0.68828125 0.46953125 0.0671875 0.06875
2 0.44765625 0.55703125 0.0375 0.2359375
2 0.62578125 0.57109375 0.0625 0.084375
2 0.58671875 0.48046875 0.1390625 0.0921875
3 0.66484375 0.290625 0.13046875 0.294921875
4 0.53671875 0.25234375 0.151953125 0.37890625
4 0.38984375 0.24765625 0.16875 0.191796875
4 0.35078125 0.5609375 0.163671875 0.248046875
4 0.3875 0.85859375 0.175 0.1953125
5 0.36953125 0.72578125 0.119140625 0.101953125
5 0.55546875 0.5671875 0.073046875 0.083984375