0 0.66484375 0.1046875 0.1171875 0.0828125
1 0.36796875 0.3875 0.120703125 0.1015625
1 0.49140625 0.55390625 0.057421875 0.11328125
1 0.5125 0.65703125 0.098046875 0.0984375
1 0.68828125 0.46953125 0.071875 0.07265625
2 0.44765625 0.55703125 0.04140625 0.2359375
2 0.62578125 0.57109375 0.07109375 0.08984375
2 0.58671875 0.48046875 0.1421875 0.096875
3 0.66484375 0.290625 0.12265625 0.292578125
4 0.53671875 0.25234375 0.151953125 0.37890625
4 0.38984375 0.24765625 0.16953125 0.192578125
4 0.35078125 0.5609375 0.161328125 0.246484375
4 0.3875 0.85859375 0.16328125 0.1859375
5 0.36953125 0.72578125 0.118359375 0.101171875
5 0.55546875 0.5671875 0.074609375 0.085546875