0 0.11328125 0.3578125 0.080859375 0.473046875
1 0.4328125 0.81171875 0.128515625 0.157421875
1 0.56640625 0.81015625 0.131640625 0.155078125
1 0.59375 0.45390625 0.10703125 0.188671875
2 0.50078125 0.1875 0.1078125 0.162890625
2 0.49921875 0.50078125 0.1125 0.466015625
3 0.2546875 0.2421875 0.251953125 0.255859375
4 0.2921875 0.503125 0.325390625 0.308203125
4 0.290625 0.771875 0.219140625 0.245703125
4 0.70078125 0.7703125 0.23515625 0.25546875
4 0.7546875 0.5109375 0.24921875 0.294140625
5 0.4125 0.18984375 0.08984375 0.1546875