0 0.11328125 0.3578125 0.04921875 0.47265625
1 0.4328125 0.81171875 0.12109375 0.15234375
1 0.56640625 0.81015625 0.12734375 0.15078125
1 0.59375 0.45390625 0.090625 0.18203125
2 0.50078125 0.1875 0.096875 0.15703125
2 0.49921875 0.50078125 0.096875 0.46328125
3 0.2546875 0.2421875 0.23671875 0.24140625
4 0.2921875 0.503125 0.31796875 0.30078125
4 0.290625 0.771875 0.20546875 0.23515625
4 0.70078125 0.7703125 0.225 0.246875
4 0.7546875 0.5109375 0.2328125 0.28203125
5 0.4125 0.18984375 0.0796875 0.15