0 0.11328125 0.3578125 0.069140625 0.473046875
1 0.4328125 0.81171875 0.130859375 0.158984375
1 0.56640625 0.81015625 0.127734375 0.151953125
1 0.59375 0.45390625 0.0953125 0.183984375
2 0.50078125 0.1875 0.1140625 0.166015625
2 0.49921875 0.50078125 0.1125 0.466015625
3 0.2546875 0.2421875 0.246484375 0.250390625
4 0.2921875 0.503125 0.334765625 0.318359375
4 0.290625 0.771875 0.207421875 0.236328125
4 0.70078125 0.7703125 0.23125 0.25234375
4 0.7546875 0.5109375 0.25546875 0.299609375
5 0.4125 0.18984375 0.08515625 0.15234375