4 0.55 0.171875 0.1328125 0.280859375
1 0.51953125 0.3921875 0.082421875 0.14921875
1 0.28984375 0.66015625 0.104296875 0.109375
1 0.70390625 0.53359375 0.098046875 0.14921875
6 0.4926691296875 0.69232853125 0.34070734687500004 0.6989981578125 0.32626476875 0.8812156546875001 0.478934659375 0.88602440625 0.47121595312500003 0.9742496218750001 0.5709751265625 0.984375 0.59347439375 0.984375 0.634375 0.5775674328125 0.634375 0.5765042171875 0.5027394703125 0.5649876 0.4926691296875 0.69232853125
0 0.41328125 0.93515625 0.159375 0.10625
2 0.4140625 0.515625 0.154296875 0.1015625
5 0.4484375 0.62109375 0.087890625 0.121875
2 0.5765625 0.51796875 0.165625 0.11640625
4 0.68359375 0.75 0.130859375 0.27734375
4 0.68359375 0.284375 0.1546875 0.349609375