4 0.55 0.171875 0.1421875 0.284765625
1 0.51953125 0.3921875 0.084765625 0.15078125
1 0.28984375 0.66015625 0.102734375 0.1078125
1 0.70390625 0.53359375 0.090234375 0.14609375
6 0.4666261140625 0.6910821390625 0.32511484375 0.7468623125 0.37078333125 0.9238543828125 0.516701125 0.87869669375 0.538126265625 0.9646282390625001 0.657541465625 0.93660991875 0.56313104375 0.5359375 0.5608802203125001 0.5359375 0.43468965624999995 0.567400340625 0.4666261140625 0.6910821390625
0 0.41328125 0.93515625 0.1546875 0.0984375
2 0.4140625 0.515625 0.158984375 0.11015625
5 0.4484375 0.62109375 0.084765625 0.1203125
2 0.5765625 0.51796875 0.1625 0.11171875
4 0.68359375 0.75 0.156640625 0.2859375
4 0.68359375 0.284375 0.134375 0.343359375