0 0.51171875 0.1015625 0.1265625 0.09140625
1 0.34296875 0.509375 0.119921875 0.123046875
1 0.346875 0.63203125 0.11484375 0.117578125
1 0.54921875 0.6234375 0.075 0.1015625
2 0.67109375 0.50859375 0.077734375 0.11796875
2 0.51796875 0.509375 0.243359375 0.1328125
3 0.5109375 0.2984375 0.1640625 0.323046875
4 0.65390625 0.2625 0.180078125 0.381640625
4 0.37109375 0.24453125 0.156640625 0.234375
4 0.375 0.803125 0.1640625 0.248046875
4 0.51796875 0.8 0.160546875 0.261328125
5 0.628125 0.6265625 0.0796875 0.11015625
5 0.34296875 0.40234375 0.113671875 0.1