0 0.51171875 0.1015625 0.128125 0.09453125
1 0.34296875 0.509375 0.113671875 0.116796875
1 0.346875 0.63203125 0.11171875 0.114453125
1 0.54921875 0.6234375 0.07578125 0.10234375
2 0.67109375 0.50859375 0.070703125 0.1140625
2 0.51796875 0.509375 0.241015625 0.12734375
3 0.5109375 0.2984375 0.1390625 0.316015625
4 0.65390625 0.2625 0.161328125 0.375390625
4 0.37109375 0.24453125 0.162109375 0.2375
4 0.375 0.803125 0.1515625 0.241015625
4 0.51796875 0.8 0.160546875 0.261328125
5 0.628125 0.6265625 0.078125 0.10859375
5 0.34296875 0.40234375 0.112109375 0.09765625