0 0.51171875 0.1015625 0.1203125 0.08125
1 0.34296875 0.509375 0.10859375 0.11171875
1 0.346875 0.63203125 0.1046875 0.10859375
1 0.54921875 0.6234375 0.06875 0.0984375
2 0.67109375 0.50859375 0.07109375 0.1140625
2 0.51796875 0.509375 0.23671875 0.115625
3 0.5109375 0.2984375 0.13125 0.31328125
4 0.65390625 0.2625 0.15234375 0.37265625
4 0.37109375 0.24453125 0.14921875 0.2296875
4 0.375 0.803125 0.15 0.23984375
4 0.51796875 0.8 0.13671875 0.25078125
5 0.628125 0.6265625 0.0734375 0.10625
5 0.34296875 0.40234375 0.10546875 0.0890625