1 0.1953125 0.165625 0.1640625 0.14140625
1 0.321875 0.21796875 0.09296875 0.25546875
1 0.4046875 0.29140625 0.07890625 0.12421875
4 0.71640625 0.76484375 0.30390625 0.30078125
4 0.196875 0.57734375 0.16171875 0.43671875
4 0.35078125 0.69921875 0.146875 0.465625
4 0.49453125 0.69921875 0.1265625 0.44140625
3 0.7453125 0.478125 0.2515625 0.26953125
2 0.45 0.40234375 0.3390625 0.1140625
2 0.4796875 0.2125 0.06953125 0.24140625
5 0.40390625 0.15859375 0.07890625 0.1421875
0 0.20078125 0.8609375 0.15234375 0.125