1 0.1953125 0.165625 0.17890625 0.158203125
1 0.321875 0.21796875 0.108203125 0.259765625
1 0.4046875 0.29140625 0.091796875 0.130859375
4 0.71640625 0.76484375 0.308984375 0.305859375
4 0.196875 0.57734375 0.165234375 0.437109375
4 0.35078125 0.69921875 0.17421875 0.47265625
4 0.49453125 0.69921875 0.178125 0.450390625
3 0.7453125 0.478125 0.2609375 0.276953125
2 0.45 0.40234375 0.33984375 0.11953125
2 0.4796875 0.2125 0.076953125 0.242578125
5 0.40390625 0.15859375 0.092578125 0.1484375
0 0.20078125 0.8609375 0.162890625 0.1390625