1 0.1953125 0.165625 0.1765625 0.155078125
1 0.321875 0.21796875 0.105859375 0.258984375
1 0.4046875 0.29140625 0.078515625 0.123828125
4 0.71640625 0.76484375 0.325390625 0.323046875
4 0.196875 0.57734375 0.208984375 0.448828125
4 0.35078125 0.69921875 0.15078125 0.46640625
4 0.49453125 0.69921875 0.15625 0.448046875
3 0.7453125 0.478125 0.28203125 0.297265625
2 0.45 0.40234375 0.340625 0.12265625
2 0.4796875 0.2125 0.094921875 0.244921875
5 0.40390625 0.15859375 0.092578125 0.1484375
0 0.20078125 0.8609375 0.162890625 0.1390625