0 0.615625 0.82890625 0.219140625 0.150390625
1 0.4328125 0.175 0.09453125 0.10859375
1 0.6953125 0.4765625 0.0640625 0.1375
1 0.4984375 0.3984375 0.05625 0.13046875
1 0.55078125 0.40078125 0.0640625 0.125
2 0.421875 0.50390625 0.102734375 0.083203125
2 0.54609375 0.5015625 0.153515625 0.09453125
3 0.4625 0.67109375 0.110546875 0.2703125
4 0.359375 0.6890625 0.099609375 0.234375
4 0.61796875 0.65625 0.216015625 0.220703125
4 0.67109375 0.2703125 0.12421875 0.291015625
4 0.54453125 0.23203125 0.159765625 0.222265625
5 0.43359375 0.353125 0.083984375 0.0640625
5 0.4328125 0.265625 0.0859375 0.08984375
5 0.34140625 0.51640625 0.06015625 0.10390625
5 0.64765625 0.47578125 0.05703125 0.126171875