0 0.615625 0.82890625 0.215234375 0.141015625
1 0.4328125 0.175 0.090625 0.1046875
1 0.6953125 0.4765625 0.0609375 0.1375
1 0.4984375 0.3984375 0.0640625 0.1328125
1 0.55078125 0.40078125 0.05703125 0.121875
2 0.421875 0.50390625 0.106640625 0.088671875
2 0.54609375 0.5015625 0.151171875 0.08984375
3 0.4625 0.67109375 0.127734375 0.275
4 0.359375 0.6890625 0.120703125 0.24140625
4 0.61796875 0.65625 0.222265625 0.227734375
4 0.67109375 0.2703125 0.11953125 0.290234375
4 0.54453125 0.23203125 0.162890625 0.223828125
5 0.43359375 0.353125 0.085546875 0.06640625
5 0.4328125 0.265625 0.084375 0.08828125
5 0.34140625 0.51640625 0.05859375 0.103125
5 0.64765625 0.47578125 0.05859375 0.126953125