0 0.615625 0.82890625 0.20703125 0.12578125
1 0.4328125 0.175 0.084375 0.1
1 0.6953125 0.4765625 0.0484375 0.134375
1 0.4984375 0.3984375 0.05 0.1296875
1 0.55078125 0.40078125 0.05625 0.121875
2 0.421875 0.50390625 0.10234375 0.08359375
2 0.54609375 0.5015625 0.14921875 0.0859375
3 0.4625 0.67109375 0.09921875 0.2671875
4 0.359375 0.6890625 0.09921875 0.234375
4 0.61796875 0.65625 0.21015625 0.21640625
4 0.67109375 0.2703125 0.0984375 0.28515625
4 0.54453125 0.23203125 0.13984375 0.21015625
5 0.43359375 0.353125 0.08203125 0.0609375
5 0.4328125 0.265625 0.0765625 0.08125
5 0.34140625 0.51640625 0.0546875 0.1015625
5 0.64765625 0.47578125 0.0484375 0.12421875