4 0.51171875 0.190625 0.15390625 0.21640625
0 0.63671875 0.1078125 0.09609375 0.0671875
3 0.6359375 0.22578125 0.096875 0.16328125
5 0.384375 0.5609375 0.0984375 0.31875
5 0.384375 0.24296875 0.0984375 0.3234375
1 0.4578125 0.409375 0.053125 0.23515625
5 0.51171875 0.3890625 0.0578125 0.1875
4 0.58671875 0.86875 0.09375 0.17421875
4 0.48515625 0.8703125 0.1125 0.16640625
4 0.4859375 0.6546875 0.11171875 0.2546875
1 0.60390625 0.6609375 0.0578125 0.1359375
1 0.653125 0.365625 0.0609375 0.1125
1 0.6015625 0.5609375 0.0640625 0.05390625
2 0.5890625 0.4765625 0.08359375 0.11484375
2 0.5640625 0.35703125 0.0484375 0.12109375