4 0.384375 0.16875 0.190625 0.20625
4 0.38359375 0.37421875 0.19296875 0.1890625
0 0.31328125 0.58203125 0.05390625 0.21953125
3 0.41171875 0.58671875 0.1421875 0.22734375
4 0.41015625 0.82890625 0.2515625 0.25390625
2 0.509375 0.44453125 0.0484375 0.49921875
4 0.66015625 0.1640625 0.15390625 0.19609375
1 0.53046875 0.12421875 0.09921875 0.1203125
1 0.5890625 0.3265625 0.1 0.1125
5 0.69140625 0.3234375 0.09375 0.1203125
5 0.69375 0.43046875 0.09296875 0.0796875
2 0.60390625 0.54921875 0.140625 0.12578125
1 0.58125 0.4359375 0.08828125 0.0953125