4 0.344040084375 0.1451683046875 0.3469411140625 0.3713648546875 0.4302245546875 0.3692770296875 0.4271943046875 0.1458178515625 0.344040084375 0.1451683046875
4 0.433841378125 0.146525646875 0.44316383437500007 0.3055094390625 0.523622259375 0.3041546640625 0.5230019687499999 0.151435075 0.433841378125 0.146525646875
4 0.5302973734374999 0.149200746875 0.5307383234375 0.36084219375000004 0.6250685500000001 0.36140930781249997 0.6252956046875 0.14991226562499999 0.5302973734374999 0.149200746875
1 0.6266859109375 0.4064348578125 0.6246654421875 0.3717830984375 0.5972690046875 0.3716912046875 0.5976046515625 0.4911922578125 0.66744080625 0.4909900921875 0.667164390625 0.40367542500000003 0.6266859109375 0.4064348578125
5 0.5327439843749999 0.486881134375 0.5972179984375 0.4881072578125 0.5978514515625 0.3671411578125 0.5323244234375 0.3693886125 0.5327439843749999 0.486881134375
5 0.347073103125 0.3763961546875 0.3471175265625 0.44786048906250003 0.42920976718750004 0.4489710890625 0.4281353640625 0.37253400000000003 0.347073103125 0.3763961546875
2 0.43794319374999996 0.5339989171874999 0.4366187 0.5939450468749999 0.5059760625 0.5968042515625 0.5405774140624999 0.596502315625 0.538298628125 0.504624475 0.5237637578125 0.50477938125 0.5218222640625 0.3197844515625 0.4304717359375 0.3159039171875 0.43059678124999995 0.3627985296875 0.4835370140625 0.362601615625 0.4834465203125 0.5339857890624999 0.43794319374999996 0.5339989171874999
5 0.4324329734375 0.447062328125 0.48157413125000004 0.44794450625 0.4832375625 0.37682936875 0.43020354687499995 0.37493635937500003 0.4324329734375 0.447062328125
1 0.3828125 0.4875 0.075 0.07265625
1 0.45078125 0.4859375 0.059375 0.0703125
3 0.3875 0.64140625 0.0828125 0.21328125
4 0.4828125 0.70234375 0.10234375 0.2109375
0 0.42518034531250004 0.8183071921874999 0.424459690625 0.760629521875 0.346651896875 0.7615300781250001 0.34740216875 0.8918982062499999 0.5350787109375 0.8939382421875001 0.5355492765625 0.820449625 0.42518034531250004 0.8183071921874999