4 0.4260964125 0.36295137187500004 0.4254716453125 0.0525558078125 0.2776622765625 0.0505264515625 0.276831371875 0.26280940468749997 0.37970202343750004 0.2615594 0.3790074859375 0.3670455125 0.4260964125 0.36295137187500004
5 0.32734375 0.31171875 0.09921875 0.096875
4 0.51796875 0.2546875 0.1828125 0.40546875
1 0.3265625 0.415625 0.1 0.10625
5 0.321875 0.50625 0.0890625 0.071875
4 0.27468618437500003 0.687610684375 0.27552475625 0.9297747421875 0.4078037859375 0.92779093125 0.4062371140625 0.5436755359375 0.36774267968749996 0.5429670343749999 0.3679329640625 0.6897791640625 0.27468618437500003 0.687610684375
1 0.32265625 0.61484375 0.090625 0.1421875
1 0.44921875 0.60625 0.09140625 0.1265625
0 0.64609375 0.8890625 0.11953125 0.075
3 0.64453125 0.7234375 0.1296875 0.25546875
5 0.43359375 0.79921875 0.0625 0.253125
2 0.493184175 0.5322028343749999 0.49024428750000004 0.5966311421875 0.6792152359375 0.5916716171874999 0.677918134375 0.45992025312499996 0.3653704734375 0.464186459375 0.366648546875 0.53832633125 0.493184175 0.5322028343749999
4 0.5820340734375 0.92538201875 0.583026721875 0.6016311578125 0.49362182812500005 0.5985441046875 0.495385125 0.669662715625 0.4642007640625 0.6696019843750001 0.4626214078125 0.9298708984375 0.5820340734375 0.92538201875