4 0.3875 0.253125 0.1046875 0.28359375
4 0.5015625 0.25234375 0.1171875 0.2765625
3 0.621875 0.246875 0.11640625 0.2734375
0 0.62265625 0.05703125 0.13359375 0.08828125
2 0.53984375 0.43671875 0.18984375 0.06953125
1 0.53125 0.528125 0.05546875 0.09921875
5 0.53125 0.61875 0.05546875 0.07109375
1 0.36328125 0.44609375 0.0578125 0.0953125
1 0.36328125 0.56640625 0.0546875 0.10859375
4 0.38671875 0.75 0.10546875 0.24921875
0 0.3875 0.93203125 0.11640625 0.09375
4 0.50234375 0.7671875 0.11484375 0.225