3 0.51796875 0.22578125 0.11640625 0.27265625
0 0.5203125 0.05 0.125 0.06953125
4 0.63125 0.27578125 0.1140625 0.3640625
4 0.5171875 0.734375 0.1125 0.28125
4 0.4109375 0.2703125 0.1171875 0.25546875
4 0.4046875 0.78515625 0.11328125 0.23359375
1 0.3859375 0.475 0.06171875 0.153125
1 0.38671875 0.61171875 0.065625 0.1171875
2 0.5241291421875001 0.45614460625 0.413214209375 0.4510352578125 0.41534723749999997 0.5617382296875 0.6297117109375 0.5600350046875 0.626933309375 0.4536170234375 0.5753206765625001 0.45444151093749996 0.57638715 0.355660528125 0.52732864375 0.355660528125 0.5241291421875001 0.45614460625
1 0.49453125 0.4078125 0.065625 0.1078125
0 0.51796875 0.909375 0.11640625 0.08515625
5 0.5359375 0.571875 0.0765625 0.04453125