0 0.2390625 0.35390625 0.053125 0.28125
3 0.33828125 0.35703125 0.14765625 0.28828125
4 0.71328125 0.35078125 0.13515625 0.27421875
2 0.6035839953125001 0.5659935484374999 0.6014509671875 0.7584460390625 0.6473100515625 0.7584460390625 0.646243496875 0.4910561484375 0.5118658234375 0.48594673437499997 0.51079935 0.2117443390625 0.523597275 0.2117443390625 0.5203977734375 0.07208843125 0.457474871875 0.07208843125 0.454933309375 0.2131914921875 0.4542754515625 0.3803532421875 0.41161586874999995 0.3803532421875 0.41161586874999995 0.5693996718750001 0.6035839953125001 0.5659935484374999
1 0.60546875 0.28125 0.0765625 0.12734375
1 0.5375 0.434375 0.06015625 0.11015625
5 0.60546875 0.4140625 0.0765625 0.146875
5 0.540625 0.29921875 0.0578125 0.17265625
4 0.71328125 0.58828125 0.13671875 0.2046875
4 0.71015625 0.8 0.13671875 0.22421875
4 0.3328125 0.69140625 0.1625 0.41015625
4 0.602517440625 0.7584460390625 0.6035839953125001 0.6954305609375 0.40959997656249997 0.6876595765625 0.41054931406249995 0.8946956890625 0.5566584359375 0.8929925937500001 0.5545254078124999 0.76014913125 0.602517440625 0.7584460390625
5 0.5984375 0.82421875 0.0921875 0.14453125
1 0.46875 0.6296875 0.11328125 0.13515625
1 0.56484375 0.63203125 0.07890625 0.13046875
1 0.43359375 0.30234375 0.04453125 0.165625