4 0.763022909375 0.06272376406249999 0.5603898046875 0.0661300515625 0.5603898046875 0.20408276406249998 0.3802666421875 0.198297875 0.38015304843750003 0.2977544 0.7619563546875 0.29945749374999997 0.763022909375 0.06272376406249999
1 0.43984375 0.128125 0.11328125 0.1453125
0 0.7265625 0.4140625 0.06875 0.23125
4 0.5703125 0.71875 0.3796875 0.390625
3 0.2921875 0.66171875 0.18671875 0.284375
1 0.2484375 0.43203125 0.0953125 0.1875
5 0.25078125 0.28828125 0.090625 0.1078125
0 0.29140625 0.85625 0.18515625 0.115625
4 0.58046875 0.41796875 0.22890625 0.23046875
5 0.52890625 0.128125 0.0703125 0.1453125
2 0.3780201015625 0.2977544 0.3780201015625 0.3420355109375 0.29483388125 0.338629321875 0.292700934375 0.5208632421875 0.4718711375 0.52426943125 0.46973819062500005 0.3045669078125 0.3780201015625 0.2977544
2 0.33671875 0.28125 0.0828125 0.11875