1 0.34921875 0.09296875 0.09453125 0.1265625
1 0.41328125 0.225 0.07734375 0.146875
5 0.3359375 0.23046875 0.07109375 0.1453125
2 0.37734375 0.3453125 0.153125 0.08828125
5 0.42578125 0.08984375 0.05859375 0.1234375
4 0.55390625 0.12421875 0.2046875 0.20078125
0 0.68515625 0.11953125 0.059375 0.19609375
4 0.609375 0.30390625 0.209375 0.171875
3 0.6078125 0.48984375 0.20625 0.19609375
4 0.63828125 0.7765625 0.1453125 0.3703125
4 0.5078125 0.82265625 0.1109375 0.28359375
1 0.41328125 0.453125 0.0765625 0.12578125
2 0.4765625 0.453125 0.0515625 0.4546875